#K-Path     Band-1    Band-2    Band-3    Band-4      ...     Band-n
  0.0000  -14.5444  -13.6688   -4.5262   -3.5812   -3.5812   -2.3441   -1.4760   -1.4760   -1.0422   -0.6009   -0.6009    3.0671    3.0671    5.5415    6.8228    7.2772    7.3407    8.1716    8.9746   10.1017   10.1017   10.4020   11.6723   12.3529
  0.0104  -14.5442  -13.6687   -4.5260   -3.5814   -3.5812   -2.3443   -1.4769   -1.4761   -1.0416   -0.6017   -0.6011    3.0666    3.0670    5.5425    6.8238    7.2779    7.3411    8.1719    8.9749   10.0996   10.1023   10.4035   11.6720   12.3525
  0.0209  -14.5437  -13.6685   -4.5254   -3.5819   -3.5810   -2.3449   -1.4798   -1.4766   -1.0397   -0.6042   -0.6016    3.0654    3.0670    5.5455    6.8268    7.2799    7.3423    8.1728    8.9759   10.0933   10.1042   10.4080   11.6712   12.3501
  0.0313  -14.5428  -13.6681   -4.5244   -3.5828   -3.5807   -2.3458   -1.4844   -1.4773   -1.0367   -0.6083   -0.6025    3.0633    3.0669    5.5506    6.8319    7.2833    7.3443    8.1743    8.9775   10.0831   10.1074   10.4151   11.6698   12.3462
  0.0417  -14.5415  -13.6675   -4.5229   -3.5839   -3.5803   -2.3471   -1.4908   -1.4784   -1.0326   -0.6140   -0.6037    3.0604    3.0667    5.5576    6.8388    7.2881    7.3471    8.1764    8.9798   10.0697   10.1119   10.4245   11.6678   12.3364
  0.0522  -14.5400  -13.6668   -4.5211   -3.5855   -3.5797   -2.3489   -1.4988   -1.4797   -1.0276   -0.6213   -0.6052    3.0568    3.0665    5.5666    6.8476    7.2943    7.3506    8.1790    8.9827   10.0534   10.1176   10.4356   11.6652   12.3278
  0.0626  -14.5380  -13.6659   -4.5188   -3.5873   -3.5791   -2.3510   -1.5082   -1.4813   -1.0217   -0.6301   -0.6071    3.0524    3.0663    5.5775    6.8583    7.3019    7.3550    8.1822    8.9862   10.0346   10.1246   10.4482   11.6618   12.3190
  0.0730  -14.5357  -13.6648   -4.5162   -3.5895   -3.5783   -2.3535   -1.5191   -1.4832   -1.0151   -0.6405   -0.6093    3.0473    3.0660    5.5903    6.8706    7.3110    7.3601    8.1860    8.9904   10.0139   10.1328   10.4618   11.6577   12.3044
  0.0834  -14.5331  -13.6636   -4.5132   -3.5921   -3.5774   -2.3564   -1.5312   -1.4854   -1.0079   -0.6523   -0.6119    3.0415    3.0657    5.6051    6.8844    7.3217    7.3659    8.1903    8.9953    9.9916   10.1422   10.4763   11.6527   12.2909
  0.0939  -14.5301  -13.6623   -4.5097   -3.5949   -3.5764   -2.3597   -1.5444   -1.4879   -1.0002   -0.6655   -0.6148    3.0350    3.0653    5.6216    6.8997    7.3340    7.3726    8.1951    9.0007    9.9680   10.1528   10.4914   11.6466   12.2763
  0.1043  -14.5268  -13.6608   -4.5059   -3.5982   -3.5753   -2.3634   -1.5587   -1.4907   -0.9922   -0.6801   -0.6180    3.0280    3.0649    5.6400    6.9163    7.3479    7.3800    8.2005    9.0068    9.9432   10.1645   10.5070   11.6395   12.2611
  0.1147  -14.5231  -13.6591   -4.5016   -3.6017   -3.5740   -2.3675   -1.5738   -1.4937   -0.9840   -0.6960   -0.6216    3.0205    3.0645    5.6600    6.9340    7.3635    7.3882    8.2063    9.0135    9.9177   10.1775   10.5231   11.6311   12.2454
  0.1252  -14.5191  -13.6573   -4.4970   -3.6056   -3.5726   -2.3721   -1.5897   -1.4970   -0.9756   -0.7132   -0.6255    3.0125    3.0640    5.6818    6.9526    7.3808    7.3972    8.2125    9.0209    9.8915   10.1915   10.5395   11.6214   12.2296
  0.1356  -14.5148  -13.6553   -4.4920   -3.6099   -3.5712   -2.3771   -1.6063   -1.5005   -0.9672   -0.7315   -0.6297    3.0041    3.0636    5.7052    6.9721    7.3991    7.4076    8.2192    9.0288    9.8649   10.2066   10.5562   11.6102   12.2139
  0.1460  -14.5101  -13.6532   -4.4866   -3.6145   -3.5696   -2.3826   -1.6235   -1.5043   -0.9588   -0.7509   -0.6343    2.9953    3.0630    5.7301    6.9922    7.4144    7.4238    8.2263    9.0373    9.8381   10.2228   10.5733   11.5974   12.1987
  0.1565  -14.5051  -13.6509   -4.4808   -3.6194   -3.5679   -2.3885   -1.6413   -1.5083   -0.9505   -0.7713   -0.6392    2.9863    3.0625    5.7565    7.0127    7.4261    7.4461    8.2338    9.0463    9.8114   10.2401   10.5906   11.5829   12.1841
  0.1669  -14.4998  -13.6485   -4.4747   -3.6247   -3.5661   -2.3949   -1.6596   -1.5126   -0.9425   -0.7926   -0.6445    2.9770    3.0620    5.7844    7.0336    7.4376    7.4711    8.2416    9.0560    9.7848   10.2583   10.6082   11.5667   12.1704
  0.1773  -14.4941  -13.6460   -4.4681   -3.6304   -3.5641   -2.4018   -1.6783   -1.5171   -0.9346   -0.8148   -0.6500    2.9676    3.0614    5.8136    7.0546    7.4496    7.4981    8.2498    9.0661    9.7587   10.2774   10.6261   11.5487   12.1578
  0.1878  -14.4881  -13.6433   -4.4613   -3.6363   -3.5621   -2.4092   -1.6974   -1.5218   -0.9272   -0.8375   -0.6559    2.9580    3.0608    5.8441    7.0758    7.4621    7.5271    8.2582    9.0768    9.7332   10.2974   10.6442   11.5290   12.1463
  0.1982  -14.4818  -13.6405   -4.4540   -3.6427   -3.5600   -2.4171   -1.7168   -1.5267   -0.9204   -0.8607   -0.6621    2.9484    3.0603    5.8758    7.0969    7.4750    7.5580    8.2669    9.0880    9.7087   10.3183   10.6625   11.5075   12.1361
  0.2086  -14.4751  -13.6375   -4.4465   -3.6494   -3.5577   -2.4255   -1.7365   -1.5318   -0.9151   -0.8833   -0.6686    2.9389    3.0597    5.9086    7.1179    7.4884    7.5905    8.2760    9.0997    9.6852   10.3400   10.6810   11.4845   12.1272
  0.2191  -14.4682  -13.6345   -4.4386   -3.6564   -3.5554   -2.4345   -1.7565   -1.5371   -0.9190   -0.8977   -0.6754    2.9294    3.0591    5.9425    7.1389    7.5021    7.6247    8.2853    9.1117    9.6632   10.3624   10.6997   11.4600   12.1195
  0.2295  -14.4609  -13.6313   -4.4303   -3.6638   -3.5530   -2.4440   -1.7767   -1.5426   -0.9396   -0.8961   -0.6826    2.9200    3.0585    5.9773    7.1596    7.5160    7.6602    8.2949    9.1242    9.6428   10.3855   10.7185   11.4343   12.1129
  0.2399  -14.4533  -13.6280   -4.4218   -3.6715   -3.5504   -2.4541   -1.7971   -1.5482   -0.9644   -0.8912   -0.6900    2.9108    3.0579    6.0131    7.1802    7.5302    7.6969    8.3050    9.1371    9.6242   10.4092   10.7374   11.4075   12.1072
  0.2503  -14.4455  -13.6245   -4.4129   -3.6796   -3.5478   -2.4647   -1.8177   -1.5540   -0.9900   -0.8862   -0.6978    2.9018    3.0573    6.0496    7.2006    7.5446    7.7345    8.3155    9.1502    9.6078   10.4334   10.7563   11.3798   12.1024
  0.2608  -14.4373  -13.6210   -4.4037   -3.6880   -3.5451   -2.4760   -1.8383   -1.5600   -1.0160   -0.8814   -0.7058    2.8931    3.0567    6.0869    7.2207    7.5589    7.7729    8.3266    9.1637    9.5938   10.4582   10.7752   11.3514   12.0981
  0.2712  -14.4288  -13.6174   -4.3943   -3.6968   -3.5423   -2.4879   -1.8591   -1.5660   -1.0422   -0.8771   -0.7141    2.8847    3.0562    6.1248    7.2406    7.5732    7.8115    8.3384    9.1773    9.5824   10.4833   10.7940   11.3227   12.0943
  0.2816  -14.4201  -13.6136   -4.3846   -3.7059   -3.5394   -2.5004   -1.8799   -1.5722   -1.0685   -0.8731   -0.7227    2.8767    3.0556    6.1632    7.2602    7.5874    7.8503    8.3512    9.1911    9.5739   10.5088   10.8125   11.2938   12.0905
  0.2921  -14.4111  -13.6098   -4.3746   -3.7153   -3.5364   -2.5135   -1.9008   -1.5786   -1.0948   -0.8697   -0.7316    2.8691    3.0551    6.2021    7.2794    7.6013    7.8888    8.3653    9.2051    9.5685   10.5345   10.8306   11.2650   12.0864
  0.3025  -14.4018  -13.6058   -4.3644   -3.7251   -3.5333   -2.5272   -1.9217   -1.5850   -1.1211   -0.8668   -0.7408    2.8619    3.0546    6.2414    7.2982    7.6149    7.9266    8.3808    9.2192    9.5662   10.5604   10.8481   11.2366   12.0815
  0.3129  -14.3922  -13.6018   -4.3540   -3.7352   -3.5302   -2.5416   -1.9425   -1.5915   -1.1471   -0.8643   -0.7502    2.8551    3.0541    6.2810    7.3164    7.6280    7.9636    8.3983    9.2334    9.5673   10.5864   10.8648   11.2089   12.0757
  0.3234  -14.3824  -13.5977   -4.3434   -3.7456   -3.5270   -2.5566   -1.9634   -1.5981   -1.1730   -0.8624   -0.7599    2.8489    3.0536    6.3207    7.3340    7.6408    7.9993    8.4178    9.2478    9.5717   10.6124   10.8804   11.1824   12.0687
  0.3338  -14.3723  -13.5935   -4.3326   -3.7562   -3.5237   -2.5722   -1.9842   -1.6048   -1.1985   -0.8610   -0.7699    2.8432    3.0531    6.3606    7.3507    7.6530    8.0335    8.4398    9.2624    9.5795   10.6383   10.8943   11.1574   12.0608
  0.3442  -14.3619  -13.5892   -4.3217   -3.7672   -3.5203   -2.5884   -2.0049   -1.6115   -1.2237   -0.8601   -0.7801    2.8380    3.0527    6.4004    7.3663    7.6650    8.0663    8.4643    9.2772    9.5907   10.6641   10.9059   11.1347   12.0525
  0.3547  -14.3513  -13.5849   -4.3107   -3.7784   -3.5168   -2.6053   -2.0256   -1.6183   -1.2485   -0.8597   -0.7905    2.8334    3.0523    6.4401    7.3807    7.6767    8.0974    8.4913    9.2924    9.6050   10.6895   10.9145   11.1150   12.0445
  0.3651  -14.3405  -13.5805   -4.2997   -3.7899   -3.5133   -2.6228   -2.0462   -1.6251   -1.2728   -0.8599   -0.8012    2.8293    3.0520    6.4795    7.3934    7.6883    8.1272    8.5209    9.3080    9.6225   10.7146   10.9190   11.0994   12.0373
  0.3755  -14.3294  -13.5761   -4.2886   -3.8015   -3.5098   -2.6408   -2.0666   -1.6319   -1.2967   -0.8606   -0.8121    2.8259    3.0516    6.5185    7.4043    7.7003    8.1559    8.5527    9.3240    9.6430   10.7393   10.9187   11.0887   12.0316
  0.3860  -14.3181  -13.5716   -4.2776   -3.8133   -3.5061   -2.6593   -2.0870   -1.6388   -1.3200   -0.8618   -0.8232    2.8230    3.0513    6.5570    7.4130    7.7129    8.1837    8.5863    9.3406    9.6663   10.7634   10.9132   11.0831   12.0278
  0.3964  -14.3066  -13.5671   -4.2667   -3.8251   -3.5025   -2.6784   -2.1071   -1.6456   -1.3427   -0.8635   -0.8346    2.8207    3.0510    6.5948    7.4194    7.7264    8.2109    8.6215    9.3578    9.6922   10.7868   10.9032   11.0819   12.0260
  0.4068  -14.2949  -13.5625   -4.2560   -3.8370   -3.4987   -2.6980   -2.1272   -1.6524   -1.3648   -0.8657   -0.8461    2.8190    3.0508    6.6316    7.4233    7.7412    8.2380    8.6577    9.3755    9.7207   10.8096   10.8901   11.0840   12.0268
  0.4172  -14.2830  -13.5579   -4.2455   -3.8488   -3.4949   -2.7180   -2.1471   -1.6592   -1.3863   -0.8684   -0.8578    2.8179    3.0506    6.6672    7.4249    7.7574    8.2650    8.6947    9.3937    9.7516   10.8315   10.8751   11.0881   12.0301
  0.4277  -14.2709  -13.5532   -4.2355   -3.8604   -3.4911   -2.7385   -2.1668   -1.6660   -1.4072   -0.8716   -0.8698    2.8174    3.0504    6.7015    7.4244    7.7753    8.2921    8.7321    9.4125    9.7847   10.8525   10.8592   11.0932   12.0360
  0.4381  -14.2586  -13.5486   -4.2261   -3.8717   -3.4873   -2.7593   -2.1863   -1.6727   -1.4274   -0.8819   -0.8753    2.8175    3.0503    6.7339    7.4222    7.7947    8.3196    8.7695    9.4317    9.8199   10.8431   10.8727   11.0989   12.0443
  0.4485  -14.2461  -13.5439   -4.2175   -3.8825   -3.4834   -2.7804   -2.2057   -1.6794   -1.4469   -0.8941   -0.8794    2.8182    3.0501    6.7643    7.4189    7.8158    8.3474    8.8068    9.4512    9.8571   10.8273   10.8918   11.1049   12.0545
  0.4590  -14.2334  -13.5393   -4.2098   -3.8926   -3.4794   -2.8018   -2.2249   -1.6860   -1.4658   -0.9065   -0.8840    2.8195    3.0501    6.7920    7.4150    7.8384    8.3755    8.8438    9.4711    9.8960   10.8121   10.9098   11.1110   12.0644
  0.4694  -14.2206  -13.5346   -4.2033   -3.9018   -3.4755   -2.8234   -2.2439   -1.6926   -1.4839   -0.9191   -0.8890    2.8213    3.0500    6.8168    7.4114    7.8623    8.4040    8.8802    9.4912    9.9366   10.7978   10.9267   11.1174   12.0714
  0.4798  -14.2077  -13.5300   -4.1984   -3.9097   -3.4715   -2.8452   -2.2627   -1.6990   -1.5014   -0.9318   -0.8945    2.8237    3.0500    6.8379    7.4088    7.8876    8.4328    8.9162    9.5114    9.9786   10.7844   10.9425   11.1242   12.0732
  0.4903  -14.1946  -13.5254   -4.1953   -3.9161   -3.4675   -2.8671   -2.2813   -1.7054   -1.5182   -0.9447   -0.9003    2.8266    3.0500    6.8550    7.4078    7.9142    8.4618    8.9515    9.5317   10.0218   10.7720   10.9571   11.1315   12.0711
  0.5007  -14.1813  -13.5208   -4.1942   -3.9207   -3.4634   -2.8890   -2.2997   -1.7116   -1.5343   -0.9576   -0.9066    2.8300    3.0501    6.8676    7.4092    7.9418    8.4909    8.9863    9.5519   10.0660   10.7609   10.9705   11.1397   12.0670
  0.5111  -14.1680  -13.5162   -4.1955   -3.9232   -3.4594   -2.9110   -2.3178   -1.7177   -1.5497   -0.9707   -0.9132    2.8339    3.0502    6.8753    7.4134    7.9705    8.5201    9.0205    9.5719   10.1110   10.7510   10.9827   11.1490   12.0620
  0.5216  -14.1545  -13.5117   -4.1993   -3.9237   -3.4554   -2.9330   -2.3358   -1.7237   -1.5645   -0.9838   -0.9202    2.8383    3.0503    6.8781    7.4206    8.0002    8.5491    9.0543    9.5917   10.1563   10.7426   10.9936   11.1596   12.0566
  0.5320  -14.1409  -13.5072   -4.2054   -3.9220   -3.4513   -2.9548   -2.3534   -1.7296   -1.5786   -0.9971   -0.9276    2.8432    3.0504    6.8762    7.4308    8.0309    8.5780    9.0877    9.6113   10.2018   10.7357   11.0034   11.1716   12.0511
  0.5424  -14.1273  -13.5027   -4.2139   -3.9182   -3.4473   -2.9766   -2.3709   -1.7353   -1.5920   -1.0104   -0.9352    2.8485    3.0506    6.8698    7.4437    8.0625    8.6065    9.1209    9.6305   10.2470   10.7307   11.0119   11.1854   12.0460
  0.5529  -14.1135  -13.4984   -4.2245   -3.9127   -3.4432   -2.9981   -2.3881   -1.7409   -1.6049   -1.0238   -0.9433    2.8542    3.0508    6.8594    7.4590    8.0949    8.6346    9.1540    9.6493   10.2913   10.7277   11.0194   11.2011   12.0412
  0.5633  -14.0997  -13.4941   -4.2370   -3.9055   -3.4392   -3.0195   -2.4050   -1.7463   -1.6171   -1.0372   -0.9516    2.8602    3.0510    6.8457    7.4762    8.1283    8.6621    9.1871    9.6677   10.3342   10.7274   11.0256   11.2187   12.0371
  0.5737  -14.0858  -13.4899   -4.2511   -3.8971   -3.4352   -3.0406   -2.4217   -1.7516   -1.6287   -1.0507   -0.9602    2.8667    3.0513    6.8291    7.4947    8.1624    8.6891    9.2203    9.6858   10.3749   10.7303   11.0308   11.2384   12.0338
  0.5841  -14.0719  -13.4857   -4.2666   -3.8875   -3.4312   -3.0614   -2.4380   -1.7566   -1.6398   -1.0643   -0.9691    2.8735    3.0515    6.8102    7.5140    8.1974    8.7153    9.2538    9.7035   10.4124   10.7371   11.0349   11.2602   12.0314
  0.5946  -14.0579  -13.4817   -4.2832   -3.8771   -3.4272   -3.0819   -2.4541   -1.7615   -1.6502   -1.0778   -0.9783    2.8806    3.0518    6.7894    7.5337    8.2332    8.7407    9.2876    9.7210   10.4457   10.7488   11.0380   11.2841   12.0300
  0.6050  -14.0439  -13.4777   -4.3008   -3.8659   -3.4232   -3.1021   -2.4698   -1.7662   -1.6601   -1.0914   -0.9877    2.8880    3.0521    6.7672    7.5534    8.2697    8.7654    9.3218    9.7383   10.4739   10.7661   11.0402   11.3100   12.0297
  0.6154  -14.0299  -13.4739   -4.3192   -3.8543   -3.4193   -3.1219   -2.4852   -1.7707   -1.6695   -1.1050   -0.9973    2.8956    3.0525    6.7439    7.5729    8.3070    8.7892    9.3564    9.7557   10.4966   10.7893   11.0414   11.3381   12.0306
  0.6259  -14.0159  -13.4702   -4.3382   -3.8422   -3.4154   -3.1413   -2.5002   -1.7750   -1.6783   -1.1185   -1.0071    2.9035    3.0528    6.7198    7.5917    8.3449    8.8121    9.3912    9.7734   10.5139   10.8180   11.0418   11.3681   12.0327
  0.6363  -14.0018  -13.4666   -4.3578   -3.8298   -3.4116   -3.1602   -2.5149   -1.7791   -1.6866   -1.1321   -1.0172    2.9116    3.0532    6.6950    7.6098    8.3836    8.8342    9.4263    9.7916   10.5265   10.8516   11.0415   11.4000   12.0358
  0.6467  -13.9878  -13.4631   -4.3777   -3.8173   -3.4078   -3.1788   -2.5292   -1.7830   -1.6944   -1.1456   -1.0274    2.9198    3.0535    6.6699    7.6270    8.4228    8.8556    9.4614    9.8107   10.5355   10.8889   11.0404   11.4337   12.0400
  0.6572  -13.9739  -13.4598   -4.3980   -3.8046   -3.4040   -3.1969   -2.5431   -1.7866   -1.7018   -1.1590   -1.0378    2.9282    3.0539    6.6446    7.6431    8.4625    8.8762    9.4963    9.8311   10.5416   10.9290   11.0386   11.4690   12.0451
  0.6676  -13.9600  -13.4566   -4.4185   -3.7919   -3.4003   -3.2145   -2.5566   -1.7900   -1.7086   -1.1724   -1.0483    2.9367    3.0543    6.6192    7.6581    8.5027    8.8961    9.5308    9.8532   10.5458   10.9710   11.0362   11.5059   12.0509
  0.6780  -13.9461  -13.4536   -4.4391   -3.7792   -3.3967   -3.2316   -2.5697   -1.7932   -1.7150   -1.1858   -1.0590    2.9454    3.0547    6.5938    7.6718    8.5431    8.9154    9.5646    9.8774   10.5486   11.0144   11.0332   11.5443   12.0571
  0.6885  -13.9323  -13.4507   -4.4598   -3.7665   -3.3931   -3.2483   -2.5823   -1.7962   -1.7209   -1.1990   -1.0698    2.9541    3.0551    6.5686    7.6843    8.5837    8.9342    9.5974    9.9041   10.5503   11.0298   11.0588   11.5838   12.0634
  0.6989  -13.9186  -13.4480   -4.4805   -3.7540   -3.3896   -3.2645   -2.5945   -1.7990   -1.7264   -1.2122   -1.0807    2.9628    3.0555    6.5436    7.6955    8.6241    8.9527    9.6290    9.9338   10.5514   11.0259   11.1039   11.6245   12.0696
  0.7093  -13.9050  -13.4455   -4.5012   -3.7417   -3.3861   -3.2801   -2.6062   -1.8015   -1.7315   -1.2253   -1.0916    2.9715    3.0560    6.5190    7.7054    8.6643    8.9711    9.6593    9.9665   10.5521   11.0216   11.1495   11.6660   12.0751
  0.7197  -13.8915  -13.4431   -4.5217   -3.7295   -3.3827   -3.2953   -2.6175   -1.8037   -1.7362   -1.2382   -1.1027    2.9803    3.0564    6.4948    7.7142    8.7037    8.9896    9.6883   10.0025   10.5527   11.0170   11.1955   11.7083   12.0797
  0.7302  -13.8781  -13.4409   -4.5421   -3.7176   -3.3794   -3.3100   -2.6282   -1.8058   -1.7405   -1.2510   -1.1137    2.9890    3.0568    6.4710    7.7217    8.7421    9.0085    9.7162   10.0417   10.5533   11.0120   11.2420   11.7509   12.0829
  0.7406  -13.8649  -13.4389   -4.5623   -3.7060   -3.3762   -3.3242   -2.6385   -1.8076   -1.7443   -1.2637   -1.1248    2.9976    3.0573    6.4477    7.7281    8.7788    9.0283    9.7431   10.0839   10.5541   11.0069   11.2887   11.7937   12.0844
  0.7510  -13.8518  -13.4371   -4.5822   -3.6947   -3.3730   -3.3378   -2.6482   -1.8092   -1.7478   -1.2762   -1.1360    3.0062    3.0577    6.4250    7.7334    8.8134    9.0495    9.7694   10.1288   10.5554   11.0015   11.3358   11.8362   12.0840
  0.7615  -13.8389  -13.4355   -4.6017   -3.6837   -3.3700   -3.3510   -2.6575   -1.8105   -1.7510   -1.2885   -1.1471    3.0146    3.0581    6.4028    7.7377    8.8451    9.0725    9.7954   10.1763   10.5574   10.9960   11.3831   11.8777   12.0815
  0.7719  -13.8261  -13.4340   -4.6209   -3.6731   -3.3670   -3.3637   -2.6662   -1.8116   -1.7537   -1.3006   -1.1581    3.0230    3.0585    6.3813    7.7410    8.8735    9.0978    9.8212   10.2261   10.5603   10.9904   11.4307   11.9172   12.0775
  0.7823  -13.8136  -13.4328   -4.6397   -3.6629   -3.3758   -3.3641   -2.6744   -1.8125   -1.7562   -1.3125   -1.1691    3.0311    3.0589    6.3605    7.7435    8.8981    9.1256    9.8473   10.2780   10.5642   10.9848   11.4786   11.9523   12.0734
  0.7928  -13.8012  -13.4318   -4.6581   -3.6531   -3.3875   -3.3614   -2.6821   -1.8132   -1.7583   -1.3242   -1.1801    3.0391    3.0593    6.3404    7.7452    8.9190    9.1558    9.8737   10.3316   10.5695   10.9790   11.5265   11.9780   12.0738
  0.8032  -13.7891  -13.4309   -4.6759   -3.6436   -3.3987   -3.3587   -2.6893   -1.8137   -1.7600   -1.3357   -1.1909    3.0470    3.0597    6.3209    7.7462    8.9365    9.1879    9.9007   10.3869   10.5764   10.9733   11.5744   11.9864   12.0858
  0.8136  -13.7773  -13.4303   -4.6933   -3.6346   -3.4093   -3.3561   -2.6960   -1.8140   -1.7615   -1.3469   -1.2016    3.0546    3.0601    6.3023    7.7465    8.9509    9.2213    9.9284   10.4438   10.5850   10.9677   11.6219   11.9781   12.1082
  0.8241  -13.7657  -13.4299   -4.7100   -3.6261   -3.4195   -3.3536   -2.7022   -1.8140   -1.7627   -1.3578   -1.2121    3.0605    3.0619    6.2844    7.7463    8.9628    9.2553    9.9570   10.5019   10.5956   10.9621   11.6685   11.9603   12.1333
  0.8345  -13.7544  -13.4296   -4.7262   -3.6180   -3.4292   -3.3512   -2.7079   -1.8139   -1.7636   -1.3684   -1.2225    3.0609    3.0690    6.2672    7.7456    8.9726    9.2893    9.9867   10.5612   10.6085   10.9566   11.7129   11.9383   12.1561
  0.8449  -13.7434  -13.4296   -4.7417   -3.6103   -3.4384   -3.3490   -2.7131   -1.8137   -1.7643   -1.3787   -1.2326    3.0612    3.0759    6.2509    7.7446    8.9807    9.3226   10.0176   10.6184   10.6271   10.9512   11.7516   11.9169   12.1739
  0.8554  -13.7327  -13.4297   -4.7566   -3.6031   -3.4471   -3.3468   -2.7179   -1.8132   -1.7647   -1.3887   -1.2425    3.0616    3.0825    6.2354    7.7432    8.9875    9.3548   10.0499   10.6400   10.6846   10.9460   11.7753   11.9057   12.1853
  0.8658  -13.7224  -13.4300   -4.7708   -3.5963   -3.4553   -3.3448   -2.7222   -1.8126   -1.7649   -1.3983   -1.2521    3.0619    3.0888    6.2208    7.7415    8.9932    9.3854   10.0838   10.6598   10.7473   10.9410   11.7713   11.9173   12.1900
  0.8762  -13.7125  -13.4305   -4.7842   -3.5900   -3.4631   -3.3429   -2.7261   -1.8119   -1.7649   -1.4076   -1.2614    3.0622    3.0947    6.2069    7.7396    8.9979    9.4140   10.1194   10.6820   10.8110   10.9361   11.7443   11.9457   12.1893
  0.8866  -13.7029  -13.4311   -4.7969   -3.5841   -3.4703   -3.3411   -2.7296   -1.8111   -1.7647   -1.4164   -1.2703    3.0625    3.1004    6.1940    7.7376    9.0019    9.4404   10.1569   10.7064   10.8758   10.9315   11.7063   11.9758   12.1869
  0.8971  -13.6937  -13.4319   -4.8088   -3.5786   -3.4772   -3.3394   -2.7327   -1.8102   -1.7643   -1.4248   -1.2789    3.0628    3.1057    6.1819    7.7354    9.0053    9.4644   10.1963   10.7329   10.9271   10.9415   11.6627   11.9964   12.1899
  0.9075  -13.6851  -13.4328   -4.8200   -3.5735   -3.4835   -3.3378   -2.7354   -1.8092   -1.7639   -1.4327   -1.2871    3.0631    3.1107    6.1706    7.7333    9.0082    9.4858   10.2377   10.7613   10.9230   11.0079   11.6158   11.9990   12.2061
  0.9179  -13.6769  -13.4338   -4.8303   -3.5689   -3.4895   -3.3363   -2.7378   -1.8082   -1.7633   -1.4401   -1.2947    3.0633    3.1153    6.1603    7.7311    9.0106    9.5047   10.2811   10.7915   10.9191   11.0752   11.5665   11.9833   12.2362
  0.9284  -13.6692  -13.4349   -4.8398   -3.5645   -3.4949   -3.3350   -2.7399   -1.8071   -1.7626   -1.4470   -1.3019    3.0635    3.1195    6.1508    7.7290    9.0127    9.5212   10.3264   10.8228   10.9156   11.1432   11.5158   11.9548   12.2745
  0.9388  -13.6620  -13.4360   -4.8484   -3.5606   -3.5000   -3.3338   -2.7417   -1.8061   -1.7619   -1.4534   -1.3086    3.0637    3.1234    6.1422    7.7270    9.0144    9.5354   10.3735   10.8549   10.9123   11.2119   11.4643   11.9191   12.3141
  0.9492  -13.6555  -13.4371   -4.8562   -3.5570   -3.5046   -3.3327   -2.7433   -1.8051   -1.7612   -1.4592   -1.3146    3.0639    3.1269    6.1345    7.7251    9.0159    9.5474   10.4222   10.8870   10.9094   11.2810   11.4126   11.8795   12.3444
  0.9597  -13.6496  -13.4382   -4.8631   -3.5537   -3.5089   -3.3318   -2.7446   -1.8041   -1.7605   -1.4644   -1.3201    3.0641    3.1300    6.1277    7.7233    9.0172    9.5575   10.4721   10.9067   10.9180   11.3492   11.3633   11.8384   12.3429
  0.9701  -13.6443  -13.4393   -4.8691   -3.5507   -3.5127   -3.3309   -2.7457   -1.8032   -1.7598   -1.4690   -1.3249    3.0642    3.1326    6.1218    7.7217    9.0182    9.5657   10.5230   10.9044   10.9462   11.3129   11.4208   11.7976   12.2992
  0.9805  -13.6398  -13.4403   -4.8742   -3.5480   -3.5162   -3.3302   -2.7466   -1.8023   -1.7591   -1.4729   -1.3291    3.0644    3.1349    6.1168    7.7204    9.0191    9.5724   10.5744   10.9025   10.9688   11.2692   11.4901   11.7591   12.2357
  0.9910  -13.6361  -13.4411   -4.8784   -3.5455   -3.5192   -3.3296   -2.7473   -1.8016   -1.7586   -1.4762   -1.3325    3.0645    3.1368    6.1127    7.7192    9.0197    9.5775   10.6257   10.9009   10.9816   11.2339   11.5569   11.7265   12.1658
  1.0014  -13.6331  -13.4418   -4.8816   -3.5434   -3.5218   -3.3292   -2.7478   -1.8011   -1.7581   -1.4787   -1.3352    3.0645    3.1383    6.1095    7.7183    9.0203    9.5814   10.6757   10.8996   10.9801   11.2112   11.6123   11.7103   12.0937
  1.0118  -13.6309  -13.4424   -4.8839   -3.5416   -3.5239   -3.3289   -2.7482   -1.8007   -1.7578   -1.4805   -1.3371    3.0646    3.1393    6.1072    7.7177    9.0206    9.5841   10.7221   10.8987   10.9642   11.2017   11.6294   11.7392   12.0211
  1.0223  -13.6296  -13.4427   -4.8853   -3.5404   -3.5254   -3.3287   -2.7484   -1.8004   -1.7576   -1.4816   -1.3383    3.0646    3.1399    6.1059    7.7173    9.0208    9.5857   10.7594   10.8982   10.9422   11.2001   11.6229   11.7997   11.9498
  1.0327  -13.6292  -13.4428   -4.8858   -3.5400   -3.5259   -3.3286   -2.7485   -1.8003   -1.7575   -1.4820   -1.3387    3.0646    3.1401    6.1054    7.7171    9.0209    9.5862   10.7753   10.8980   10.9308   11.2004   11.6190   11.8499   11.8973
  1.0327  -13.6292  -13.4428   -4.8858   -3.5400   -3.5259   -3.3286   -2.7485   -1.8003   -1.7575   -1.4820   -1.3387    3.0646    3.1401    6.1054    7.7171    9.0209    9.5862   10.7753   10.8980   10.9308   11.2004   11.6190   11.8499   11.8973
  1.0387  -13.6292  -13.4428   -4.8857   -3.5403   -3.5259   -3.3282   -2.7486   -1.8005   -1.7575   -1.4821   -1.3387    3.0645    3.1401    6.1057    7.7176    9.0211    9.5864   10.7739   10.8986   10.9310   11.2009   11.6190   11.8500   11.8974
  1.0447  -13.6291  -13.4428   -4.8854   -3.5413   -3.5259   -3.3271   -2.7489   -1.8009   -1.7575   -1.4825   -1.3388    3.0643    3.1401    6.1067    7.7189    9.0217    9.5869   10.7697   10.9005   10.9313   11.2027   11.6190   11.8503   11.8978
  1.0508  -13.6290  -13.4427   -4.8850   -3.5430   -3.5260   -3.3251   -2.7494   -1.8017   -1.7575   -1.4832   -1.3389    3.0638    3.1401    6.1082    7.7211    9.0226    9.5879   10.7630   10.9032   10.9319   11.2055   11.6190   11.8508   11.8985
  1.0568  -13.6288  -13.4427   -4.8843   -3.5453   -3.5261   -3.3225   -2.7501   -1.8027   -1.7575   -1.4841   -1.3390    3.0632    3.1401    6.1104    7.7242    9.0239    9.5891   10.7542   10.9067   10.9328   11.2095   11.6190   11.8515   11.8994
  1.0628  -13.6286  -13.4426   -4.8834   -3.5481   -3.5263   -3.3192   -2.7510   -1.8040   -1.7574   -1.4852   -1.3392    3.0623    3.1401    6.1132    7.7282    9.0256    9.5908   10.7436   10.9106   10.9339   11.2144   11.6190   11.8524   11.9005
  1.0688  -13.6283  -13.4425   -4.8824   -3.5515   -3.5264   -3.3153   -2.7521   -1.8056   -1.7574   -1.4866   -1.3395    3.0613    3.1400    6.1166    7.7331    9.0277    9.5928   10.7314   10.9146   10.9352   11.2203   11.6190   11.8536   11.9019
  1.0748  -13.6280  -13.4424   -4.8812   -3.5554   -3.5266   -3.3107   -2.7533   -1.8075   -1.7573   -1.4883   -1.3398    3.0601    3.1400    6.1207    7.7388    9.0301    9.5951   10.7180   10.9188   10.9368   11.2270   11.6189   11.8549   11.9036
  1.0809  -13.6276  -13.4422   -4.8797   -3.5597   -3.5269   -3.3057   -2.7548   -1.8096   -1.7572   -1.4902   -1.3401    3.0588    3.1400    6.1253    7.7454    9.0329    9.5979   10.7034   10.9229   10.9387   11.2344   11.6189   11.8564   11.9055
  1.0869  -13.6272  -13.4421   -4.8781   -3.5644   -3.5271   -3.3002   -2.7565   -1.8120   -1.7571   -1.4923   -1.3405    3.0573    3.1399    6.1306    7.7529    9.0361    9.6010   10.6879   10.9269   10.9407   11.2426   11.6188   11.8582   11.9076
  1.0929  -13.6267  -13.4419   -4.8763   -3.5694   -3.5275   -3.2942   -2.7584   -1.8147   -1.7571   -1.4947   -1.3409    3.0556    3.1398    6.1364    7.7612    9.0397    9.6044   10.6716   10.9308   10.9430   11.2513   11.6187   11.8601   11.9101
  1.0989  -13.6262  -13.4417   -4.8743   -3.5746   -3.5278   -3.2879   -2.7605   -1.8177   -1.7570   -1.4973   -1.3414    3.0537    3.1398    6.1428    7.7703    9.0436    9.6083   10.6545   10.9347   10.9456   11.2606   11.6186   11.8622   11.9127
  1.1050  -13.6256  -13.4415   -4.8722   -3.5802   -3.5282   -3.2812   -2.7627   -1.8209   -1.7569   -1.5002   -1.3419    3.0517    3.1397    6.1498    7.7803    9.0480    9.6125   10.6369   10.9384   10.9484   11.2702   11.6185   11.8646   11.9157
  1.1110  -13.6250  -13.4413   -4.8698   -3.5859   -3.5286   -3.2742   -2.7652   -1.8243   -1.7568   -1.5033   -1.3425    3.0496    3.1396    6.1574    7.7911    9.0527    9.6171   10.6186   10.9420   10.9514   11.2803   11.6183   11.8671   11.9188
  1.1170  -13.6243  -13.4410   -4.8672   -3.5918   -3.5291   -3.2670   -2.7679   -1.8280   -1.7567   -1.5067   -1.3431    3.0473    3.1395    6.1655    7.8027    9.0578    9.6220   10.5998   10.9455   10.9547   11.2907   11.6180   11.8699   11.9223
  1.1230  -13.6236  -13.4408   -4.8645   -3.5979   -3.5296   -3.2594   -2.7707   -1.8319   -1.7566   -1.5103   -1.3437    3.0449    3.1394    6.1741    7.8150    9.0632    9.6274   10.5806   10.9490   10.9581   11.3013   11.6178   11.8728   11.9260
  1.1290  -13.6229  -13.4405   -4.8616   -3.6041   -3.5302   -3.2517   -2.7738   -1.8360   -1.7565   -1.5141   -1.3444    3.0423    3.1392    6.1833    7.8282    9.0690    9.6331   10.5609   10.9524   10.9619   11.3122   11.6174   11.8760   11.9299
  1.1351  -13.6221  -13.4402   -4.8585   -3.6105   -3.5308   -3.2437   -2.7770   -1.8404   -1.7564   -1.5181   -1.3452    3.0397    3.1391    6.1931    7.8421    9.0752    9.6391   10.5410   10.9558   10.9658   11.3232   11.6170   11.8793   11.9341
  1.1411  -13.6212  -13.4399   -4.8552   -3.6169   -3.5314   -3.2355   -2.7805   -1.8449   -1.7563   -1.5224   -1.3460    3.0369    3.1389    6.2033    7.8567    9.0818    9.6456   10.5207   10.9591   10.9700   11.3344   11.6166   11.8829   11.9385
  1.1471  -13.6203  -13.4396   -4.8517   -3.6234   -3.5321   -3.2272   -2.7841   -1.8497   -1.7562   -1.5268   -1.3468    3.0340    3.1387    6.2140    7.8721    9.0888    9.6524   10.5001   10.9625   10.9744   11.3457   11.6160   11.8866   11.9432
  1.1531  -13.6194  -13.4393   -4.8480   -3.6300   -3.5329   -3.2187   -2.7879   -1.8546   -1.7561   -1.5315   -1.3477    3.0311    3.1385    6.2252    7.8882    9.0961    9.6596   10.4793   10.9658   10.9790   11.3572   11.6154   11.8906   11.9481
  1.1592  -13.6184  -13.4389   -4.8441   -3.6366   -3.5337   -3.2100   -2.7919   -1.8597   -1.7561   -1.5363   -1.3487    3.0280    3.1383    6.2369    7.9050    9.1038    9.6672   10.4583   10.9691   10.9838   11.3687   11.6147   11.8948   11.9533
  1.1652  -13.6173  -13.4386   -4.8401   -3.6433   -3.5346   -3.2012   -2.7961   -1.8650   -1.7560   -1.5414   -1.3497    3.0249    3.1380    6.2491    7.9224    9.1118    9.6752   10.4371   10.9724   10.9889   11.3803   11.6139   11.8991   11.9587
  1.1712  -13.6162  -13.4382   -4.8359   -3.6500   -3.5356   -3.1923   -2.8005   -1.8704   -1.7560   -1.5466   -1.3507    3.0217    3.1377    6.2616    7.9405    9.1203    9.6836   10.4158   10.9758   10.9942   11.3919   11.6130   11.9037   11.9644
  1.1772  -13.6151  -13.4378   -4.8315   -3.6568   -3.5366   -3.1832   -2.8050   -1.8760   -1.7561   -1.5520   -1.3519    3.0184    3.1374    6.2746    7.9593    9.1290    9.6923   10.3944   10.9791   10.9996   11.4037   11.6119   11.9085   11.9703
  1.1832  -13.6139  -13.4374   -4.8269   -3.6635   -3.5377   -3.1740   -2.8098   -1.8817   -1.7561   -1.5576   -1.3530    3.0151    3.1370    6.2880    7.9786    9.1382    9.7015   10.3729   10.9825   11.0053   11.4154   11.6108   11.9134   11.9765
  1.1893  -13.6127  -13.4370   -4.8221   -3.6703   -3.5389   -3.1647   -2.8147   -1.8875   -1.7563   -1.5633   -1.3542    3.0117    3.1367    6.3018    7.9986    9.1477    9.7110   10.3514   10.9859   11.0111   11.4272   11.6095   11.9186   11.9829
  1.1953  -13.6115  -13.4366   -4.8171   -3.6771   -3.5402   -3.1553   -2.8197   -1.8934   -1.7564   -1.5691   -1.3555    3.0083    3.1363    6.3159    8.0191    9.1575    9.7209   10.3299   10.9892   11.0172   11.4391   11.6080   11.9240   11.9896
  1.2013  -13.6101  -13.4362   -4.8120   -3.6840   -3.5416   -3.1458   -2.8249   -1.8994   -1.7567   -1.5751   -1.3568    3.0049    3.1358    6.3304    8.0401    9.1677    9.7313   10.3084   10.9926   11.0234   11.4509   11.6065   11.9296   11.9964
  1.2073  -13.6088  -13.4358   -4.8067   -3.6908   -3.5430   -3.1362   -2.8303   -1.9056   -1.7570   -1.5811   -1.3581    3.0014    3.1353    6.3452    8.0617    9.1782    9.7420   10.2869   10.9960   11.0298   11.4629   11.6047   11.9354   12.0036
  1.2134  -13.6074  -13.4354   -4.8012   -3.6976   -3.5446   -3.1265   -2.8359   -1.9118   -1.7574   -1.5873   -1.3596    2.9980    3.1348    6.3603    8.0838    9.1891    9.7531   10.2656   10.9994   11.0364   11.4748   11.6028   11.9413   12.0109
  1.2194  -13.6060  -13.4349   -4.7955   -3.7044   -3.5462   -3.1167   -2.8416   -1.9180   -1.7580   -1.5935   -1.3610    2.9945    3.1343    6.3757    8.1064    9.2002    9.7647   10.2443   11.0028   11.0431   11.4868   11.6008   11.9475   12.0185
  1.2254  -13.6045  -13.4345   -4.7897   -3.7112   -3.5480   -3.1068   -2.8474   -1.9244   -1.7586   -1.5997   -1.3626    2.9911    3.1337    6.3914    8.1294    9.2117    9.7766   10.2233   11.0062   11.0500   11.4989   11.5985   11.9540   12.0264
  1.2314  -13.6030  -13.4340   -4.7836   -3.7181   -3.5499   -3.0968   -2.8533   -1.9308   -1.7595   -1.6060   -1.3641    2.9876    3.1331    6.4073    8.1528    9.2234    9.7889   10.2024   11.0096   11.0569   11.5110   11.5961   11.9606   12.0344
  1.2374  -13.6014  -13.4336   -4.7774   -3.7249   -3.5518   -3.0868   -2.8594   -1.9372   -1.7605   -1.6122   -1.3658    2.9842    3.1324    6.4234    8.1767    9.2354    9.8017   10.1817   11.0130   11.0640   11.5232   11.5936   11.9674   12.0427
  1.2435  -13.5999  -13.4332   -4.7710   -3.7316   -3.5540   -3.0766   -2.8656   -1.9436   -1.7617   -1.6183   -1.3675    2.9808    3.1317    6.4398    8.2009    9.2476    9.8149   10.1614   11.0163   11.0713   11.5354   11.5908   11.9745   12.0512
  1.2495  -13.5982  -13.4327   -4.7645   -3.7384   -3.5562   -3.0664   -2.8719   -1.9501   -1.7632   -1.6244   -1.3692    2.9775    3.1309    6.4563    8.2255    9.2601    9.8284   10.1413   11.0197   11.0785   11.5476   11.5879   11.9817   12.0600
  1.2555  -13.5966  -13.4323   -4.7578   -3.7452   -3.5586   -3.0561   -2.8783   -1.9566   -1.7650   -1.6303   -1.3710    2.9742    3.1301    6.4729    8.2504    9.2728    9.8424   10.1216   11.0229   11.0859   11.5600   11.5849   11.9892   12.0689
  1.2615  -13.5949  -13.4318   -4.7509   -3.7519   -3.5611   -3.0458   -2.8848   -1.9632   -1.7671   -1.6360   -1.3728    2.9710    3.1293    6.4897    8.2756    9.2856    9.8568   10.1023   11.0262   11.0933   11.5724   11.5817   11.9969   12.0781
  1.2676  -13.5931  -13.4314   -4.7438   -3.7587   -3.5638   -3.0354   -2.8914   -1.9697   -1.7696   -1.6414   -1.3747    2.9678    3.1284    6.5067    8.3011    9.2986    9.8716   10.0835   11.0294   11.1006   11.5783   11.5849   12.0048   12.0875
  1.2736  -13.5914  -13.4309   -4.7365   -3.7654   -3.5666   -3.0248   -2.8981   -1.9762   -1.7725   -1.6466   -1.3767    2.9646    3.1275    6.5237    8.3269    9.3117    9.8868   10.0652   11.0325   11.1080   11.5749   11.5974   12.0129   12.0971
  1.2796  -13.5895  -13.4305   -4.7291   -3.7721   -3.5696   -3.0143   -2.9048   -1.9827   -1.7759   -1.6514   -1.3787    2.9616    3.1265    6.5407    8.3529    9.3248    9.9025   10.0475   11.0355   11.1153   11.5713   11.6101   12.0212   12.1070
  1.2856  -13.5877  -13.4301   -4.7216   -3.7788   -3.5728   -3.0036   -2.9115   -1.9892   -1.7798   -1.6559   -1.3808    2.9586    3.1254    6.5578    8.3790    9.3378    9.9185   10.0304   11.0385   11.1226   11.5677   11.6228   12.0298   12.1170
  1.2916  -13.5858  -13.4296   -4.7138   -3.7854   -3.5762   -2.9929   -2.9183   -1.9956   -1.7842   -1.6599   -1.3829    2.9557    3.1243    6.5750    8.4054    9.3508    9.9350   10.0141   11.0414   11.1296   11.5641   11.6356   12.0386   12.1272
  1.2977  -13.5839  -13.4292   -4.7059   -3.7921   -3.5797   -2.9822   -2.9251   -2.0021   -1.7891   -1.6635   -1.3851    2.9529    3.1232    6.5921    8.4319    9.3636    9.9519    9.9987   11.0442   11.1365   11.5605   11.6485   12.0476   12.1376
  1.3037  -13.5820  -13.4288   -4.6978   -3.7987   -3.5834   -2.9713   -2.9319   -2.0084   -1.7946   -1.6666   -1.3873    2.9502    3.1220    6.6092    8.4585    9.3762    9.9692    9.9841   11.0469   11.1432   11.5569   11.6616   12.0569   12.1482
  1.3097  -13.5800  -13.4284   -4.6896   -3.8053   -3.5873   -2.9604   -2.9388   -2.0148   -1.8007   -1.6693   -1.3896    2.9476    3.1208    6.6263    8.4852    9.3884    9.9706    9.9869   11.0494   11.1495   11.5535   11.6747   12.0664   12.1590
  1.3157  -13.5780  -13.4280   -4.6812   -3.8118   -3.5914   -2.9495   -2.9456   -2.0211   -1.8072   -1.6715   -1.3919    2.9451    3.1195    6.6433    8.5120    9.4002    9.9583   10.0050   11.0519   11.1555   11.5502   11.6879   12.0761   12.1699
  1.3218  -13.5760  -13.4276   -4.6726   -3.8184   -3.5958   -2.9524   -2.9385   -2.0274   -1.8143   -1.6734   -1.3943    2.9427    3.1182    6.6602    8.5388    9.4113    9.9472   10.0235   11.0542   11.1610   11.5473   11.7013   12.0861   12.1811
  1.3278  -13.5739  -13.4273   -4.6639   -3.8249   -3.6003   -2.9591   -2.9274   -2.0336   -1.8218   -1.6748   -1.3967    2.9404    3.1168    6.6769    8.5656    9.4217    9.9376   10.0424   11.0564   11.1660   11.5446   11.7148   12.0963   12.1924
  1.3338  -13.5718  -13.4269   -4.6551   -3.8314   -3.6051   -2.9658   -2.9163   -2.0398   -1.8297   -1.6760   -1.3992    2.9383    3.1153    6.6936    8.5924    9.4313    9.9296   10.0617   11.0585   11.1704   11.5424   11.7284   12.1068   12.2038
  1.3398  -13.5697  -13.4266   -4.6460   -3.8379   -3.6100   -2.9724   -2.9051   -2.0459   -1.8380   -1.6767   -1.4017    2.9362    3.1138    6.7101    8.6192    9.4399    9.9233   10.0814   11.0604   11.1740   11.5407   11.7421   12.1175   12.2154
  1.3458  -13.5676  -13.4263   -4.6369   -3.8443   -3.6152   -2.9790   -2.8938   -2.0519   -1.8466   -1.6772   -1.4043    2.9343    3.1122    6.7264    8.6459    9.4473    9.9188   10.1014   11.0621   11.1769   11.5396   11.7560   12.1284   12.2271
  1.3519  -13.5654  -13.4260   -4.6275   -3.8508   -3.6207   -2.9854   -2.8825   -2.0579   -1.8556   -1.6775   -1.4070    2.9325    3.1106    6.7425    8.6726    9.4535    9.9163   10.1218   11.0637   11.1789   11.5392   11.7700   12.1396   12.2389
  1.3579  -13.5633  -13.4257   -4.6180   -3.8572   -3.6264   -2.9918   -2.8712   -2.0639   -1.8648   -1.6775   -1.4097    2.9308    3.1090    6.7584    8.6991    9.4583    9.9159   10.1426   11.0652   11.1799   11.5395   11.7842   12.1511   12.2508
  1.3639  -13.5610  -13.4255   -4.6084   -3.8636   -3.6323   -2.9981   -2.8597   -2.0697   -1.8743   -1.6773   -1.4124    2.9293    3.1073    6.7741    8.7255    9.4618    9.9175   10.1637   11.0664   11.1799   11.5407   11.7985   12.1628   12.2628
  1.3699  -13.5588  -13.4253   -4.5986   -3.8699   -3.6384   -3.0042   -2.8483   -2.0755   -1.8840   -1.6769   -1.4152    2.9279    3.1055    6.7895    8.7517    9.4639    9.9213   10.1852   11.0675   11.1788   11.5428   11.8129   12.1748   12.2749
  1.3760  -13.5566  -13.4250   -4.5887   -3.8762   -3.6448   -3.0102   -2.8368   -2.0813   -1.8938   -1.6763   -1.4181    2.9266    3.1037    6.8046    8.7777    9.4646    9.9271   10.2070   11.0684   11.1767   11.5458   11.8275   12.1870   12.2870
  1.3820  -13.5543  -13.4249   -4.5786   -3.8825   -3.6514   -3.0161   -2.8252   -2.0870   -1.9039   -1.6756   -1.4210    2.9254    3.1018    6.8195    8.8035    9.4641    9.9349   10.2290   11.0691   11.1735   11.5497   11.8423   12.1996   12.2991
  1.3880  -13.5520  -13.4247   -4.5684   -3.8888   -3.6583   -3.0218   -2.8136   -2.0926   -1.9141   -1.6747   -1.4239    2.9244    3.0998    6.8340    8.8291    9.4624    9.9445   10.2514   11.0696   11.1691   11.5546   11.8572   12.2123   12.3112
  1.3940  -13.5497  -13.4246   -4.5581   -3.8951   -3.6654   -3.0273   -2.8019   -2.0981   -1.9244   -1.6737   -1.4269    2.9236    3.0978    6.8482    8.8544    9.4596    9.9558   10.2740   11.0700   11.1638   11.5604   11.8723   12.2254   12.3233
  1.4001  -13.5474  -13.4245   -4.5476   -3.9013   -3.6727   -3.0328   -2.7902   -2.1036   -1.9349   -1.6726   -1.4300    2.9229    3.0958    6.8621    8.8794    9.4560    9.9687   10.2969   11.0702   11.1575   11.5670   11.8875   12.2387   12.3353
  1.4061  -13.5450  -13.4244   -4.5370   -3.9075   -3.6803   -3.0380   -2.7785   -2.1091   -1.9454   -1.6713   -1.4331    2.9223    3.0937    6.8757    8.9042    9.4517    9.9829   10.3199   11.0702   11.1502   11.5745   11.9029   12.2523   12.3471
  1.4121  -13.5427  -13.4244   -4.5262   -3.9136   -3.6880   -3.0430   -2.7667   -2.1144   -1.9561   -1.6700   -1.4362    2.9218    3.0916    6.8889    8.9286    9.4467    9.9983   10.3432   11.0701   11.1421   11.5827   11.9184   12.2662   12.3588
  1.4181  -13.5403  -13.4244   -4.5154   -3.9198   -3.6960   -3.0479   -2.7548   -2.1198   -1.9668   -1.6685   -1.4394    2.9215    3.0894    6.9017    8.9526    9.4414   10.0148   10.3666   11.0698   11.1332   11.5916   11.9341   12.2804   12.3702
  1.4241  -13.5379  -13.4245   -4.5044   -3.9259   -3.7042   -3.0527   -2.7430   -2.1250   -1.9776   -1.6670   -1.4426    2.9214    3.0871    6.9141    8.9763    9.4356   10.0321   10.3902   11.0693   11.1237   11.6011   11.9500   12.2948   12.3813
  1.4302  -13.5355  -13.4245   -4.4932   -3.9319   -3.7126   -3.0572   -2.7311   -2.1302   -1.9884   -1.6653   -1.4459    2.9214    3.0848    6.9261    8.9996    9.4297   10.0502   10.4139   11.0687   11.1135   11.6111   11.9659   12.3096   12.3921
  1.4362  -13.5331  -13.4247   -4.4820   -3.9380   -3.7212   -3.0615   -2.7191   -2.1353   -1.9992   -1.6636   -1.4492    2.9215    3.0825    6.9377    9.0224    9.4237   10.0688   10.4376   11.0680   11.1028   11.6216   11.9821   12.3246   12.4024
  1.4422  -13.5307  -13.4248   -4.4706   -3.9440   -3.7300   -3.0657   -2.7071   -2.1404   -2.0101   -1.6618   -1.4526    2.9217    3.0801    6.9490    9.0448    9.4176   10.0880   10.4614   11.0672   11.0917   11.6326   11.9984   12.3399   12.4120
  1.4482  -13.5283  -13.4250   -4.4591   -3.9500   -3.7390   -3.0697   -2.6951   -2.1454   -2.0210   -1.6599   -1.4560    2.9221    3.0776    6.9598    9.0668    9.4116   10.1076   10.4851   11.0662   11.0802   11.6438   12.0148   12.3554   12.4210
  1.4543  -13.5259  -13.4253   -4.4476   -3.9559   -3.7481   -3.0735   -2.6830   -2.1504   -2.0319   -1.6579   -1.4594    2.9227    3.0751    6.9701    9.0882    9.4056   10.1274   10.5088   11.0652   11.0685   11.6553   12.0313   12.3713   12.4291
  1.4603  -13.5234  -13.4255   -4.4359   -3.9619   -3.7574   -3.0771   -2.6709   -2.1554   -2.0429   -1.6559   -1.4629    2.9233    3.0726    6.9801    9.1092    9.3999   10.1473   10.5323   11.0566   11.0640   11.6670   12.0479   12.3874   12.4363
  1.4663  -13.5210  -13.4259   -4.4241   -3.9678   -3.7668   -3.0806   -2.6588   -2.1602   -2.0538   -1.6537   -1.4664    2.9241    3.0700    6.9896    9.1296    9.3944   10.1674   10.5557   11.0446   11.0629   11.6788   12.0647   12.4038   12.4424
  1.4723  -13.5185  -13.4263   -4.4121   -3.9736   -3.7764   -3.0838   -2.6466   -2.1651   -2.0647   -1.6515   -1.4699    2.9251    3.0674    6.9987    9.1494    9.3891   10.1874   10.5788   11.0327   11.0617   11.6907   12.0815   12.4205   12.4472
  1.4783  -13.5161  -13.4267   -4.4001   -3.9794   -3.7860   -3.0869   -2.6344   -2.1698   -2.0755   -1.6493   -1.4735    2.9262    3.0647    7.0074    9.1686    9.3841   10.2073   10.6016   11.0208   11.0604   11.7026   12.0985   12.4375   12.4506
  1.4844  -13.5136  -13.4272   -4.3880   -3.9852   -3.7958   -3.0899   -2.6222   -2.1746   -2.0863   -1.6469   -1.4772    2.9273    3.0620    7.0156    9.1872    9.3794   10.2270   10.6240   11.0091   11.0592   11.7143   12.1154   12.4526   12.4547
  1.4904  -13.5112  -13.4277   -4.3759   -3.9910   -3.8056   -3.0926   -2.6100   -2.1793   -2.0971   -1.6445   -1.4808    2.9287    3.0592    7.0234    9.2052    9.3751   10.2464   10.6459   10.9978   11.0580   11.7259   12.1325   12.4531   12.4723
  1.4964  -13.5087  -13.4283   -4.3636   -3.9967   -3.8155   -3.0952   -2.5977   -2.1839   -2.1078   -1.6421   -1.4845    2.9301    3.0564    7.0307    9.2225    9.3711   10.2655   10.6671   10.9870   11.0568   11.7373   12.1495   12.4521   12.4900
  1.5024  -13.5063  -13.4289   -4.3513   -4.0023   -3.8255   -3.0977   -2.5854   -2.1886   -2.1185   -1.6395   -1.4882    2.9317    3.0536    7.0377    9.2391    9.3675   10.2841   10.6875   10.9768   11.0558   11.7484   12.1665   12.4498   12.5080
  1.5085  -13.5039  -13.4296   -4.3389   -4.0080   -3.8355   -3.1000   -2.5732   -2.1932   -2.1291   -1.6369   -1.4920    2.9334    3.0507    7.0442    9.2549    9.3643   10.3022   10.7069   10.9674   11.0547   11.7591   12.1835   12.4464   12.5263
  1.5145  -13.5014  -13.4304   -4.3264   -4.0136   -3.8456   -3.1021   -2.5609   -2.1977   -2.1396   -1.6342   -1.4958    2.9352    3.0478    7.0503    9.2700    9.3615   10.3197   10.7251   10.9591   11.0538   11.7693   12.2005   12.4421   12.5448
  1.5205  -13.4990  -13.4312   -4.3139   -4.0191   -3.8556   -3.1041   -2.5486   -2.2022   -2.1501   -1.6315   -1.4996    2.9371    3.0448    7.0560    9.2843    9.3590   10.3366   10.7418   10.9522   11.0530   11.7791   12.2173   12.4371   12.5636
  1.5265  -13.4965  -13.4321   -4.3013   -4.0246   -3.8657   -3.1060   -2.5363   -2.2067   -2.1604   -1.6287   -1.5034    2.9391    3.0418    7.0613    9.2978    9.3570   10.3527   10.7565   10.9469   11.0524   11.7882   12.2340   12.4317   12.5826
  1.5325  -13.4941  -13.4330   -4.2887   -4.0301   -3.8757   -3.1077   -2.5240   -2.2112   -2.1706   -1.6258   -1.5073    2.9412    3.0388    7.0661    9.3105    9.3554   10.3681   10.7689   10.9438   11.0518   11.7966   12.2505   12.4261   12.6017
  1.5386  -13.4917  -13.4340   -4.2760   -4.0355   -3.8856   -3.1093   -2.5117   -2.2156   -2.1808   -1.6229   -1.5111    2.9435    3.0357    7.0706    9.3222    9.3542   10.3826   10.7788   10.9432   11.0514   11.8044   12.2668   12.4207   12.6210
  1.5446  -13.4893  -13.4350   -4.2634   -4.0409   -3.8955   -3.1107   -2.4995   -2.2200   -2.1907   -1.6198   -1.5151    2.9458    3.0326    7.0748    9.3331    9.3534   10.3962   10.7858   10.9451   11.0512   11.8114   12.2827   12.4156   12.6405
  1.5506  -13.4869  -13.4362   -4.2507   -4.0463   -3.9053   -3.1121   -2.4873   -2.2244   -2.2006   -1.6168   -1.5190    2.9482    3.0295    7.0785    9.3430    9.3530   10.4089   10.7900   10.9495   11.0510   11.8176   12.2983   12.4111   12.6601
  1.5566  -13.4845  -13.4374   -4.2381   -4.0516   -3.9150   -3.1133   -2.4752   -2.2287   -2.2102   -1.6136   -1.5229    2.9508    3.0264    7.0819    9.3520    9.3530   10.4207   10.7919   10.9561   11.0510   11.8230   12.3135   12.4073   12.6798
  1.5627  -13.4822  -13.4386   -4.2255   -4.0568   -3.9246   -3.1144   -2.4631   -2.2331   -2.2197   -1.6104   -1.5269    2.9534    3.0232    7.0850    9.3534    9.3599   10.4315   10.7920   10.9641   11.0510   11.8276   12.3281   12.4042   12.6995
  1.5687  -13.4798  -13.4399   -4.2130   -4.0620   -3.9339   -3.1154   -2.4511   -2.2374   -2.2289   -1.6072   -1.5308    2.9561    3.0200    7.0877    9.3541    9.3669   10.4412   10.7907   10.9732   11.0511   11.8314   12.3421   12.4021   12.7192
  1.5747  -13.4775  -13.4413   -4.2006   -4.0671   -3.9431   -3.1163   -2.4393   -2.2416   -2.2379   -1.6038   -1.5348    2.9589    3.0168    7.0901    9.3552    9.3729   10.4500   10.7887   10.9827   11.0512   11.8346   12.3553   12.4008   12.7388
  1.5807  -13.4752  -13.4428   -4.1884   -4.0722   -3.9519   -3.1171   -2.4277   -2.2465   -2.2459   -1.6004   -1.5388    2.9617    3.0135    7.0922    9.3567    9.3778   10.4577   10.7862   10.9922   11.0513   11.8370   12.3677   12.4004   12.7583
  1.5867  -13.4729  -13.4444   -4.1764   -4.0773   -3.9604   -3.1178   -2.4164   -2.2547   -2.2502   -1.5969   -1.5428    2.9647    3.0102    7.0940    9.3585    9.3817   10.4644   10.7837   11.0015   11.0513   11.8389   12.3791   12.4008   12.7774
  1.5928  -13.4706  -13.4460   -4.1646   -4.0822   -3.9685   -3.1184   -2.4055   -2.2624   -2.2544   -1.5934   -1.5468    2.9677    3.0070    7.0955    9.3606    9.3845   10.4702   10.7812   11.0102   11.0512   11.8404   12.3894   12.4019   12.7959
  1.5988  -13.4683  -13.4477   -4.1533   -4.0872   -3.9760   -3.1189   -2.3952   -2.2693   -2.2586   -1.5898   -1.5508    2.9708    3.0037    7.0967    9.3631    9.3862   10.4749   10.7789   11.0181   11.0508   11.8414   12.3983   12.4036   12.8138
  1.6048  -13.4661  -13.4495   -4.1426   -4.0920   -3.9828   -3.1193   -2.3858   -2.2752   -2.2628   -1.5861   -1.5548    2.9739    3.0003    7.0977    9.3658    9.3869   10.4788   10.7770   11.0252   11.0502   11.8420   12.4056   12.4057   12.8304
  1.6108  -13.4638  -13.4513   -4.1327   -4.0968   -3.9887   -3.1196   -2.3776   -2.2797   -2.2670   -1.5824   -1.5588    2.9771    2.9970    7.0984    9.3689    9.3866   10.4817   10.7754   11.0314   11.0492   11.8425   12.4082   12.4113   12.8452
  1.6169  -13.4617  -13.4532   -4.1239   -4.1016   -3.9933   -3.1198   -2.3713   -2.2822   -2.2712   -1.5786   -1.5628    2.9803    2.9937    7.0989    9.3721    9.3852   10.4837   10.7744   11.0366   11.0479   11.8427   12.4107   12.4149   12.8572
  1.6229  -13.4595  -13.4552   -4.1165   -4.1062   -3.9964   -3.1199   -2.3674   -2.2823   -2.2754   -1.5747   -1.5668    2.9836    2.9903    7.0992    9.3757    9.3828   10.4849   10.7737   11.0407   11.0461   11.8429   12.4133   12.4164   12.8653
  1.6289  -13.4573  -13.4573   -4.1109   -4.1109   -3.9975   -3.1200   -2.3661   -2.2795   -2.2795   -1.5708   -1.5708    2.9870    2.9870    7.0993    9.3795    9.3795   10.4853   10.7735   11.0438   11.0438   11.8429   12.4156   12.4156   12.8681
  1.6289  -13.4573  -13.4573   -4.1109   -4.1109   -3.9975   -3.1200   -2.3661   -2.2795   -2.2795   -1.5708   -1.5708    2.9870    2.9870    7.0993    9.3795    9.3795   10.4853   10.7735   11.0438   11.0438   11.8429   12.4156   12.4156   12.8681
  1.6409  -13.4618  -13.4531   -4.1199   -4.1061   -3.9928   -3.1198   -2.3704   -2.2878   -2.2666   -1.5787   -1.5627    2.9802    2.9938    7.0990    9.3698    9.3876   10.4838   10.7743   11.0375   11.0470   11.8427   12.4060   12.4187   12.8581
  1.6530  -13.4665  -13.4490   -4.1286   -4.1091   -3.9797   -3.1193   -2.3802   -2.2960   -2.2476   -1.5866   -1.5543    2.9735    3.0007    7.0980    9.3565    9.3965   10.4795   10.7763   11.0286   11.0466   11.8420   12.3855   12.4189   12.8360
  1.6650  -13.4716  -13.4451   -4.1371   -4.1171   -3.9610   -3.1184   -2.3924   -2.3041   -2.2256   -1.5944   -1.5456    2.9668    3.0077    7.0964    9.3398    9.4059   10.4725   10.7789   11.0172   11.0433   11.8403   12.3541   12.4150   12.8105
  1.6771  -13.4771  -13.4412   -4.1452   -4.1276   -3.9393   -3.1172   -2.4055   -2.3122   -2.2022   -1.6021   -1.5367    2.9601    3.0147    7.0945    9.3201    9.4156   10.4631   10.7813   11.0033   11.0382   11.8367   12.3130   12.4065   12.7845
  1.6891  -13.4829  -13.4376   -4.1530   -4.1390   -3.9162   -3.1156   -2.4187   -2.3202   -2.1781   -1.6097   -1.5275    2.9534    3.0218    7.0921    9.2977    9.4256   10.4512   10.7826   10.9870   11.0323   11.8304   12.2636   12.3935   12.7584
  1.7012  -13.4891  -13.4340   -4.1605   -4.1505   -3.8925   -3.1137   -2.4317   -2.3281   -2.1535   -1.6171   -1.5179    2.9468    3.0288    7.0896    9.2729    9.4356   10.4369   10.7817   10.9689   11.0268   11.8202   12.2076   12.3769   12.7319
  1.7132  -13.4956  -13.4306   -4.1676   -4.1617   -3.8686   -3.1113   -2.4443   -2.3360   -2.1287   -1.6245   -1.5081    2.9403    3.0358    7.0868    9.2461    9.4454   10.4199   10.7777   10.9494   11.0227   11.8052   12.1464   12.3582   12.7046
  1.7253  -13.5025  -13.4274   -4.1743   -4.1723   -3.8448   -3.1086   -2.4564   -2.3437   -2.1038   -1.6316   -1.4981    2.9338    3.0427    7.0840    9.2177    9.4549   10.4001   10.7700   10.9294   11.0205   11.7843   12.0812   12.3389   12.6765
  1.7373  -13.5097  -13.4244   -4.1822   -4.1806   -3.8215   -3.1053   -2.4680   -2.3512   -2.0788   -1.6386   -1.4877    2.9275    3.0494    7.0811    9.1878    9.4639   10.3774   10.7585   10.9096   11.0205   11.7572   12.0130   12.3205   12.6478
  1.7494  -13.5174  -13.4215   -4.1913   -4.1866   -3.7988   -3.1016   -2.4790   -2.3586   -2.0538   -1.6453   -1.4770    2.9213    3.0559    7.0783    9.1567    9.4722   10.3516   10.7434   10.8906   11.0220   11.7238   11.9424   12.3041   12.6183
  1.7614  -13.5254  -13.4188   -4.1994   -4.1921   -3.7768   -3.0974   -2.4894   -2.3658   -2.0289   -1.6518   -1.4661    2.9152    3.0623    7.0756    9.1248    9.4795   10.3225   10.7254   10.8731   11.0243   11.6845   11.8703   12.2901   12.5884
  1.7734  -13.5338  -13.4163   -4.2066   -4.1971   -3.7557   -3.0926   -2.4992   -2.3727   -2.0040   -1.6581   -1.4548    2.9093    3.0683    7.0731    9.0923    9.4857   10.2903   10.7051   10.8575   11.0265   11.6399   11.7971   12.2785   12.5578
  1.7855  -13.5425  -13.4140   -4.2129   -4.2018   -3.7356   -3.0872   -2.5083   -2.3793   -1.9791   -1.6642   -1.4433    2.9035    3.0741    7.0708    9.0592    9.4904   10.2551   10.6831   10.8443   11.0276   11.5910   11.7234   12.2692   12.5268
  1.7975  -13.5517  -13.4120   -4.2180   -4.2060   -3.7166   -3.0812   -2.5167   -2.3856   -1.9544   -1.6700   -1.4315    2.8980    3.0796    7.0687    9.0259    9.4934   10.2173   10.6601   10.8334   11.0268   11.5388   11.6496   12.2614   12.4952
  1.8096  -13.5612  -13.4101   -4.2222   -4.2096   -3.6989   -3.0746   -2.5245   -2.3914   -1.9298   -1.6755   -1.4194    2.8926    3.0847    7.0669    8.9924    9.4944   10.1775   10.6364   10.8246   11.0234   11.4843   11.5764   12.2547   12.4633
  1.8216  -13.5710  -13.4084   -4.2252   -4.2128   -3.6826   -3.0674   -2.5316   -2.3967   -1.9053   -1.6807   -1.4071    2.8874    3.0895    7.0655    8.9589    9.4930   10.1364   10.6123   10.8175   11.0166   11.4283   11.5041   12.2483   12.4310
  1.8337  -13.5812  -13.4070   -4.2272   -4.2155   -3.6677   -3.0596   -2.5380   -2.4015   -1.8809   -1.6856   -1.3945    2.8825    3.0938    7.0644    8.9255    9.4887   10.0948   10.5882   10.8116   11.0061   11.3716   11.4334   12.2413   12.3984
  1.8457  -13.5918  -13.4057   -4.2281   -4.2177   -3.6542   -3.0513   -2.5437   -2.4055   -1.8567   -1.6902   -1.3816    2.8779    3.0977    7.0637    8.8923    9.4809   10.0536   10.5642   10.8059   10.9913   11.3150   11.3652   12.2329   12.3658
  1.8578  -13.6028  -13.4047   -4.2280   -4.2194   -3.6423   -3.0425   -2.5487   -2.4088   -1.8326   -1.6944   -1.3685    2.8734    3.1011    7.0635    8.8594    9.4690   10.0139   10.5405   10.7992   10.9720   11.2590   11.3006   12.2221   12.3332
  1.8698  -13.6141  -13.4039   -4.2268   -4.2205   -3.6320   -3.0333   -2.5530   -2.4113   -1.8087   -1.6984   -1.3552    2.8693    3.1040    7.0636    8.8268    9.4525    9.9765   10.5170   10.7899   10.9482   11.2041   11.2409   12.2079   12.3009
  1.8818  -13.6257  -13.4034   -4.2245   -4.2211   -3.6232   -3.0238   -2.5567   -2.4128   -1.7849   -1.7020   -1.3416    2.8654    3.1064    7.0642    8.7946    9.4308    9.9423   10.4939   10.7760   10.9198   11.1508   11.1879   12.1898   12.2691
  1.8939  -13.6377  -13.4031   -4.2213   -4.2212   -3.6160   -3.0142   -2.5597   -2.4132   -1.7613   -1.7052   -1.3279    2.8619    3.1083    7.0653    8.7628    9.4035    9.9119   10.4710   10.7553   10.8872   11.0990   11.1436   12.1671   12.2380
  1.9059  -13.6500  -13.4030   -4.2207   -4.2170   -3.6102   -3.0047   -2.5620   -2.4123   -1.7379   -1.7081   -1.3139    2.8586    3.1097    7.0668    8.7315    9.3705    9.8857   10.4483   10.7261   10.8512   11.0489   11.1095   12.1397   12.2080
  1.9180  -13.6626  -13.4031   -4.2196   -4.2117   -3.6059   -2.9952   -2.5636   -2.4102   -1.7146   -1.7106   -1.2998    2.8556    3.1105    7.0688    8.7007    9.3322    9.8635   10.4255   10.6881   10.8126   11.0000   11.0855   12.1079   12.1793
  1.9300  -13.6756  -13.4035   -4.2180   -4.2056   -3.6029   -2.9861   -2.5646   -2.4066   -1.7128   -1.6915   -1.2855    2.8530    3.1107    7.0712    8.6703    9.2890    9.8450   10.4025   10.6423   10.7725   10.9520   11.0704   12.0721   12.1523
  1.9421  -13.6888  -13.4041   -4.2159   -4.1985   -3.6012   -2.9775   -2.5649   -2.4016   -1.7146   -1.6686   -1.2710    2.8507    3.1103    7.0742    8.6404    9.2416    9.8294   10.3787   10.5909   10.7323   10.9044   11.0620   12.0329   12.1273
  1.9541  -13.7023  -13.4049   -4.2131   -4.1906   -3.6007   -2.9695   -2.5645   -2.3950   -1.7161   -1.6459   -1.2565    2.8487    3.1094    7.0775    8.6110    9.1908    9.8161   10.3538   10.5357   10.6932   10.8567   11.0579   11.9909   12.1046
  1.9662  -13.7161  -13.4060   -4.2098   -4.1819   -3.6013   -2.9622   -2.5635   -2.3868   -1.7171   -1.6233   -1.2418    2.8471    3.1078    7.0814    8.5820    9.1373    9.8044   10.3272   10.4786   10.6562   10.8088   11.0564   11.9469   12.0846
  1.9782  -13.7302  -13.4073   -4.2060   -4.1725   -3.6028   -2.9556   -2.5618   -2.3769   -1.7178   -1.6008   -1.2271    2.8458    3.1057    7.0857    8.5535    9.0816    9.7934   10.2985   10.4209   10.6223   10.7605   11.0560   11.9012   12.0676
  1.9902  -13.7445  -13.4088   -4.2016   -4.1625   -3.6052   -2.9499   -2.5595   -2.3655   -1.7181   -1.5785   -1.2123    2.8448    3.1030    7.0904    8.5253    9.0244    9.7823   10.2673   10.3637   10.5924   10.7118   11.0556   11.8545   12.0537
  2.0023  -13.7591  -13.4106   -4.1967   -4.1520   -3.6083   -2.9450   -2.5565   -2.3525   -1.7180   -1.5564   -1.1975    2.8443    3.0998    7.0955    8.4975    8.9660    9.7705   10.2334   10.3080   10.5666   10.6629   11.0547   11.8072   12.0432
  2.0143  -13.7739  -13.4126   -4.1912   -4.1409   -3.6121   -2.9409   -2.5529   -2.3380   -1.7175   -1.5344   -1.1827    2.8440    3.0959    7.1010    8.4701    8.9068    9.7569   10.1969   10.2545   10.5446   10.6141   11.0527   11.7597   12.0360
  2.0264  -13.7889  -13.4148   -4.1852   -4.1296   -3.6162   -2.9375   -2.5486   -2.3222   -1.7167   -1.5126   -1.1680    2.8441    3.0916    7.1069    8.4429    8.8471    9.7408   10.1581   10.2043   10.5245   10.5674   11.0493   11.7122   12.0323
  2.0384  -13.8041  -13.4172   -4.1786   -4.1181   -3.6208   -2.9349   -2.5438   -2.3050   -1.7154   -1.4908   -1.1532    2.8446    3.0866    7.1131    8.4159    8.7871    9.7212   10.1175   10.1582   10.4966   10.5322   11.0445   11.6651   12.0316
  2.0505  -13.8195  -13.4198   -4.1716   -4.1065   -3.6255   -2.9328   -2.5382   -2.2867   -1.7137   -1.4692   -1.1386    2.8454    3.0812    7.1196    8.3891    8.7271    9.6973   10.0753   10.1168   10.4529   10.5163   11.0383   11.6186   12.0338
  2.0625  -13.8351  -13.4226   -4.1641   -4.0950   -3.6302   -2.9312   -2.5321   -2.2674   -1.7116   -1.4477   -1.1241    2.8466    3.0753    7.1263    8.3625    8.6673    9.6685   10.0320   10.0805   10.4040   10.5087   11.0310   11.5729   12.0383
  2.0746  -13.8508  -13.4256   -4.1560   -4.0839   -3.6348   -2.9300   -2.5254   -2.2471   -1.7091   -1.4264   -1.1097    2.8481    3.0690    7.1331    8.3359    8.6078    9.6349    9.9879   10.0495   10.3543   10.5051   11.0227   11.5282   12.0445
  2.0866  -13.8666  -13.4289   -4.1476   -4.0732   -3.6390   -2.9290   -2.5180   -2.2261   -1.7061   -1.4051   -1.0954    2.8499    3.0622    7.1401    8.3094    8.5487    9.5966    9.9432   10.0231   10.3045   10.5043   11.0140   11.4847   12.0517
  2.0987  -13.8826  -13.4323   -4.1386   -4.0633   -3.6427   -2.9281   -2.5100   -2.2045   -1.7027   -1.3840   -1.0813    2.8521    3.0550    7.1470    8.2828    8.4904    9.5543    9.8979   10.0006   10.2552   10.5058   11.0051   11.4426   12.0591
  2.1107  -13.8988  -13.4359   -4.1292   -4.0544   -3.6457   -2.9272   -2.5014   -2.1823   -1.6988   -1.3629   -1.0675    2.8546    3.0474    7.1538    8.2562    8.4328    9.5088    9.8522    9.9811   10.2066   10.5094   10.9965   11.4020   12.0657
  2.1227  -13.9150  -13.4396   -4.1194   -4.0466   -3.6478   -2.9263   -2.4923   -2.1598   -1.6944   -1.3420   -1.0539    2.8574    3.0395    7.1604    8.2295    8.3762    9.4610    9.8059    9.9636   10.1589   10.5147   10.9886   11.3631   12.0705
  2.1348  -13.9312  -13.4436   -4.1093   -4.0403   -3.6488   -2.9250   -2.4825   -2.1369   -1.6895   -1.3211   -1.0405    2.8605    3.0314    7.1665    8.2027    8.3207    9.4116    9.7589    9.9472   10.1125   10.5215   10.9817   11.3260   12.0726
  2.1468  -13.9476  -13.4476   -4.0987   -4.0355   -3.6485   -2.9235   -2.4721   -2.1139   -1.6840   -1.3004   -1.0275    2.8639    3.0229    7.1721    8.1758    8.2666    9.3612    9.7113    9.9312   10.0675   10.5296   10.9762   11.2909   12.0711
  2.1589  -13.9640  -13.4519   -4.0878   -4.0325   -3.6470   -2.9214   -2.4612   -2.0908   -1.6780   -1.2797   -1.0147    2.8676    3.0143    7.1768    8.1486    8.2140    9.3102    9.6630    9.9152   10.0241   10.5388   10.9722   11.2580   12.0656
  2.1709  -13.9804  -13.4563   -4.0765   -4.0314   -3.6442   -2.9188   -2.4497   -2.0677   -1.6715   -1.2592   -1.0023    2.8716    3.0055    7.1805    8.1213    8.1633    9.2591    9.6137    9.8986    9.9823   10.5488   10.9701   11.2275   12.0558
  2.1830  -13.9968  -13.4608   -4.0650   -4.0321   -3.6401   -2.9156   -2.4376   -2.0446   -1.6642   -1.2387   -0.9902    2.8758    2.9966    7.1828    8.0938    8.1145    9.2081    9.5634    9.8813    9.9424   10.5594   10.9698   11.1994   12.0419
  2.1950  -14.0133  -13.4655   -4.0531   -4.0346   -3.6349   -2.9115   -2.4250   -2.0218   -1.6564   -1.2184   -0.9785    2.8802    2.9876    7.1834    8.0660    8.0682    9.1575    9.5122    9.8631    9.9042   10.5704   10.9716   11.1739   12.0242
  2.2071  -14.0297  -13.4703   -4.0410   -4.0389   -3.6287   -2.9066   -2.4118   -1.9992   -1.6478   -1.1982   -0.9672    2.8849    2.9786    7.1818    8.0246    8.0381    9.1076    9.4600    9.8439    9.8679   10.5816   10.9752   11.1512   12.0036
  2.2191  -14.0461  -13.4751   -4.0448   -4.0287   -3.6217   -2.9008   -2.3980   -1.9770   -1.6384   -1.1781   -0.9563    2.8898    2.9696    7.1778    7.9841    8.0099    9.0583    9.4067    9.8236    9.8332   10.5928   10.9807   11.1315   11.9807
  2.2311  -14.0624  -13.4801   -4.0522   -4.0161   -3.6141   -2.8940   -2.3837   -1.9551   -1.6283   -1.1581   -0.9458    2.8949    2.9607    7.1708    7.9469    7.9816    9.0100    9.3526    9.8002    9.8024   10.6037   10.9879   11.1147   11.9563
  2.2432  -14.0787  -13.4852   -4.0608   -4.0034   -3.6062   -2.8861   -2.3689   -1.9338   -1.6173   -1.1383   -0.9358    2.9001    2.9519    7.1604    7.9135    7.9531    8.9627    9.2975    9.7687    9.7803   10.6142   10.9965   11.1009   11.9311
  2.2552  -14.0949  -13.4904   -4.0706   -3.9905   -3.5982   -2.8771   -2.3535   -1.9129   -1.6054   -1.1186   -0.9263    2.9055    2.9433    7.1463    7.8841    7.9244    8.9166    9.2417    9.7386    9.7576   10.6242   11.0062   11.0902   11.9058
  2.2673  -14.1110  -13.4956   -4.0814   -3.9774   -3.5902   -2.8670   -2.3377   -1.8927   -1.5925   -1.0991   -0.9172    2.9111    2.9349    7.1283    7.8588    7.8956    8.8718    9.1851    9.7096    9.7343   10.6335   11.0167   11.0824   11.8810
  2.2793  -14.1270  -13.5009   -4.0930   -3.9643   -3.5825   -2.8558   -2.3213   -1.8730   -1.5787   -1.0798   -0.9087    2.9168    2.9268    7.1063    7.8374    7.8668    8.8284    9.1278    9.6817    9.7106   10.6421   11.0277   11.0774   11.8573
  2.2914  -14.1429  -13.5063   -4.1052   -3.9511   -3.5752   -2.8435   -2.3044   -1.8540   -1.5638   -1.0607   -0.9006    2.9191    2.9225    7.0804    7.8199    7.8378    8.7865    9.0700    9.6548    9.6868   10.6499   11.0385   11.0749   11.8352
  2.3034  -14.1586  -13.5117   -4.1181   -3.9378   -3.5684   -2.8301   -2.2870   -1.8357   -1.5480   -1.0418   -0.8931    2.9117    2.9284    7.0507    7.8059    7.8089    8.7462    9.0117    9.6286    9.6631   10.6570   11.0487   11.0747   11.8153
  2.3155  -14.1742  -13.5172   -4.1313   -3.9245   -3.5622   -2.8158   -2.2692   -1.8181   -1.5310   -1.0231   -0.8861    2.9047    2.9343    7.0175    7.7799    7.7948    8.7077    8.9530    9.6030    9.6397   10.6634   11.0578   11.0764   11.7982
  2.3275  -14.1896  -13.5226   -4.1450   -3.9112   -3.5567   -2.8005   -2.2509   -1.8012   -1.5130   -1.0047   -0.8796    2.8982    2.9402    6.9814    7.7510    7.7861    8.6711    8.8940    9.5781    9.6168   10.6692   11.0653   11.0797   11.7844
  2.3395  -14.2049  -13.5281   -4.1589   -3.8980   -3.5518   -2.7845   -2.2322   -1.7849   -1.4940   -0.9866   -0.8736    2.8922    2.9462    6.9426    7.7221    7.7792    8.6365    8.8346    9.5536    9.5947   10.6742   11.0706   11.0843   11.7743
  2.3516  -14.2199  -13.5336   -4.1731   -3.8847   -3.5476   -2.7677   -2.2130   -1.7693   -1.4740   -0.9687   -0.8682    2.8868    2.9522    6.9015    7.6934    7.7734    8.6040    8.7750    9.5296    9.5735   10.6786   11.0732   11.0899   11.7684
  2.3636  -14.2347  -13.5391   -4.1874   -3.8715   -3.5441   -2.7503   -2.1934   -1.7542   -1.4529   -0.9513   -0.8634    2.8820    2.9581    6.8586    7.6648    7.7682    8.5737    8.7153    9.5060    9.5537   10.6821   11.0729   11.0962   11.7668
  2.3757  -14.2493  -13.5446   -4.2017   -3.8585   -3.5412   -2.7324   -2.1735   -1.7397   -1.4309   -0.9342   -0.8590    2.8779    2.9641    6.8141    7.6363    7.7631    8.5457    8.6555    9.4826    9.5352   10.6845   11.0694   11.1033   11.7698
  2.3877  -14.2637  -13.5501   -4.2161   -3.8455   -3.5390   -2.7142   -2.1531   -1.7258   -1.4080   -0.9176   -0.8550    2.8744    2.9699    6.7684    7.6080    7.7577    8.5199    8.5956    9.4596    9.5185   10.6856   11.0628   11.1110   11.7771
  2.3998  -14.2778  -13.5555   -4.2305   -3.8327   -3.5373   -2.6958   -2.1324   -1.7123   -1.3842   -0.9017   -0.8514    2.8716    2.9757    6.7218    7.5800    7.7515    8.4964    8.5358    9.4369    9.5037   10.6850   11.0531   11.1196   11.7887
  2.4118  -14.2917  -13.5609   -4.2448   -3.8200   -3.5362   -2.6772   -2.1113   -1.6993   -1.3596   -0.8869   -0.8477    2.8695    2.9814    6.6744    7.5521    7.7442    8.4752    8.4760    9.4144    9.4911   10.6825   11.0407   11.1292   11.8041
  2.4239  -14.3053  -13.5663   -4.2590   -3.8075   -3.5357   -2.6586   -2.0899   -1.6867   -1.3342   -0.8738   -0.8432    2.8682    2.9870    6.6265    7.5246    7.7357    8.4165    8.4560    9.3923    9.4807   10.6776   11.0257   11.1401   11.8229
  2.4359  -14.3186  -13.5716   -4.2731   -3.7952   -3.5355   -2.6402   -2.0683   -1.6745   -1.3081   -0.8640   -0.8365    2.8677    2.9925    6.5782    7.4972    7.7259    8.3572    8.4388    9.3704    9.4730   10.6702   11.0087   11.1525   11.8446
  2.4480  -14.3316  -13.5768   -4.2870   -3.7831   -3.5358   -2.6219   -2.0463   -1.6627   -1.2813   -0.8585   -0.8265    2.8680    2.9979    6.5298    7.4702    7.7147    8.2982    8.4233    9.3489    9.4679   10.6599   10.9900   11.1666   11.8688
  2.4600  -14.3443  -13.5819   -4.3006   -3.7713   -3.5364   -2.6040   -2.0241   -1.6512   -1.2539   -0.8563   -0.8143    2.8691    3.0031    6.4812    7.4434    7.7021    8.2397    8.4093    9.3277    9.4656   10.6468   10.9699   11.1827   11.8951
  2.4720  -14.3568  -13.5870   -4.3141   -3.7597   -3.5373   -2.5864   -2.0017   -1.6401   -1.2259   -0.8559   -0.8012    2.8710    3.0081    6.4327    7.4169    7.6882    8.1818    8.3965    9.3069    9.4663   10.6310   10.9486   11.2008   11.9229
  2.4841  -14.3688  -13.5920   -4.3273   -3.7484   -3.5386   -2.5693   -1.9791   -1.6293   -1.1974   -0.8568   -0.7881    2.8737    3.0129    6.3844    7.3907    7.6733    8.1244    8.3847    9.2865    9.4700   10.6126   10.9266   11.2208   11.9519
  2.4961  -14.3806  -13.5969   -4.3402   -3.7373   -3.5400   -2.5527   -1.9563   -1.6188   -1.1685   -0.8587   -0.7751    2.8773    3.0176    6.3364    7.3647    7.6574    8.0679    8.3736    9.2665    9.4766   10.5919   10.9040   11.2426   11.9869
  2.5082  -14.3920  -13.6016   -4.3527   -3.7266   -3.5417   -2.5366   -1.9333   -1.6087   -1.1392   -0.8613   -0.7625    2.8816    3.0220    6.2889    7.3390    7.6408    8.0123    8.3629    9.2470    9.4863   10.5693   10.8809   11.2661   12.0124
  2.5202  -14.4030  -13.6063   -4.3650   -3.7161   -3.5435   -2.5212   -1.9103   -1.5989   -1.1097   -0.8646   -0.7502    2.8866    3.0263    6.2418    7.3134    7.6236    7.9578    8.3525    9.2279    9.4988   10.5450   10.8577   11.2910   12.0432
  2.5323  -14.4137  -13.6108   -4.3769   -3.7060   -3.5454   -2.5064   -1.8872   -1.5895   -1.0799   -0.8687   -0.7384    2.8924    3.0303    6.1954    7.2881    7.6061    7.9044    8.3423    9.2094    9.5141   10.5195   10.8343   11.3170   12.1176
  2.5443  -14.4240  -13.6153   -4.3885   -3.6962   -3.5475   -2.4923   -1.8640   -1.5804   -1.0501   -0.8734   -0.7270    2.8989    3.0341    6.1497    7.2628    7.5883    7.8525    8.3322    9.1914    9.5321   10.4932   10.8110   11.3438   12.1184
  2.5564  -14.4339  -13.6195   -4.3996   -3.6868   -3.5496   -2.4788   -1.8409   -1.5717   -1.0202   -0.8787   -0.7161    2.9061    3.0377    6.1048    7.2377    7.5705    7.8021    8.3221    9.1739    9.5525   10.4663   10.7877   11.3711   12.1182
  2.5684  -14.4435  -13.6237   -4.4104   -3.6777   -3.5517   -2.4661   -1.8178   -1.5633   -0.9905   -0.8847   -0.7056    2.9138    3.0410    6.0609    7.2127    7.5528    7.7534    8.3119    9.1571    9.5751   10.4392   10.7647   11.3986   12.1195
  2.5804  -14.4526  -13.6276   -4.4208   -3.6690   -3.5539   -2.4540   -1.7948   -1.5553   -0.9610   -0.8912   -0.6957    2.9221    3.0441    6.0181    7.1877    7.5353    7.7066    8.3017    9.1409    9.5998   10.4121   10.7418   11.4258   12.1224
  2.5925  -14.4614  -13.6315   -4.4307   -3.6607   -3.5561   -2.4426   -1.7719   -1.5476   -0.9318   -0.8983   -0.6862    2.9309    3.0470    5.9764    7.1627    7.5182    7.6619    8.2915    9.1253    9.6263   10.3854   10.7193   11.4526   12.1270
  2.6045  -14.4697  -13.6351   -4.4402   -3.6527   -3.5583   -2.4319   -1.7492   -1.5403   -0.9058   -0.9031   -0.6773    2.9401    3.0497    5.9360    7.1377    7.5015    7.6195    8.2814    9.1104    9.6543   10.3591   10.6970   11.4784   12.1333
  2.6166  -14.4776  -13.6386   -4.4493   -3.6451   -3.5605   -2.4219   -1.7267   -1.5334   -0.9139   -0.8749   -0.6689    2.9496    3.0521    5.8970    7.1126    7.4854    7.5795    8.2714    9.0962    9.6836   10.3336   10.6751   11.5031   12.1413
  2.6286  -14.4851  -13.6420   -4.4578   -3.6380   -3.5626   -2.4126   -1.7046   -1.5269   -0.9224   -0.8475   -0.6610    2.9593    3.0543    5.8595    7.0876    7.4698    7.5420    8.2616    9.0827    9.7139   10.3089   10.6535   11.5263   12.1510
  2.6407  -14.4922  -13.6451   -4.4660   -3.6312   -3.5646   -2.4039   -1.6828   -1.5207   -0.9313   -0.8209   -0.6536    2.9692    3.0562    5.8236    7.0627    7.4550    7.5071    8.2520    9.0699    9.7449   10.2852   10.6323   11.5478   12.1625
  2.6527  -14.4988  -13.6481   -4.4736   -3.6248   -3.5666   -2.3959   -1.6614   -1.5150   -0.9406   -0.7953   -0.6467    2.9791    3.0580    5.7894    7.0380    7.4408    7.4750    8.2427    9.0579    9.7765   10.2626   10.6115   11.5675   12.1756
  2.6648  -14.5050  -13.6509   -4.4807   -3.6189   -3.5685   -2.3885   -1.6405   -1.5096   -0.9501   -0.7708   -0.6403    2.9890    3.0596    5.7570    7.0136    7.4275    7.4455    8.2337    9.0466    9.8083   10.2413   10.5910   11.5852   12.1903
  2.6768  -14.5108  -13.6535   -4.4874   -3.6134   -3.5703   -2.3817   -1.6203   -1.5047   -0.9598   -0.7475   -0.6344    2.9987    3.0609    5.7265    6.9897    7.4151    7.4187    8.2252    9.0361    9.8401   10.2213   10.5710   11.6009   12.2060
  2.6889  -14.5161  -13.6559   -4.4935   -3.6083   -3.5719   -2.3755   -1.6007   -1.5001   -0.9695   -0.7255   -0.6290    3.0082    3.0621    5.6981    6.9665    7.3946    7.4035    8.2171    9.0264    9.8716   10.2026   10.5513   11.6147   12.2227
  2.7009  -14.5210  -13.6581   -4.4991   -3.6036   -3.5735   -2.3700   -1.5820   -1.4959   -0.9793   -0.7050   -0.6240    3.0173    3.0631    5.6718    6.9442    7.3730    7.3928    8.2096    9.0175    9.9026   10.1855   10.5320   11.6265   12.2399
  2.7129  -14.5254  -13.6601   -4.5042   -3.5994   -3.5749   -2.3650   -1.5642   -1.4921   -0.9889   -0.6860   -0.6196    3.0259    3.0640    5.6476    6.9232    7.3539    7.3830    8.2027    9.0094    9.9328   10.1698   10.5133   11.6367   12.2573
  2.7250  -14.5294  -13.6619   -4.5088   -3.5956   -3.5762   -2.3605   -1.5476   -1.4887   -0.9983   -0.6687   -0.6157    3.0339    3.0647    5.6258    6.9036    7.3372    7.3742    8.1964    9.0021    9.9619   10.1557   10.4950   11.6452   12.2744
  2.7370  -14.5329  -13.6635   -4.5129   -3.5922   -3.5774   -2.3566   -1.5322   -1.4857   -1.0072   -0.6532   -0.6122    3.0412    3.0653    5.6064    6.8857    7.3227    7.3665    8.1907    8.9957    9.9895   10.1431   10.4775   11.6523   12.2907
  2.7491  -14.5359  -13.6649   -4.5164   -3.5893   -3.5784   -2.3533   -1.5182   -1.4832   -1.0156   -0.6396   -0.6092    3.0478    3.0658    5.5894    6.8696    7.3103    7.3597    8.1857    8.9901   10.0154   10.1322   10.4608   11.6580   12.3062
  2.7611  -14.5385  -13.6661   -4.5194   -3.5869   -3.5793   -2.3505   -1.5059   -1.4810   -1.0231   -0.6279   -0.6066    3.0535    3.0662    5.5748    6.8557    7.3000    7.3539    8.1815    8.9854   10.0390   10.1229   10.4452   11.6627   12.3194
  2.7732  -14.5406  -13.6671   -4.5218   -3.5848   -3.5800   -2.3482   -1.4955   -1.4792   -1.0296   -0.6183   -0.6046    3.0583    3.0665    5.5629    6.8441    7.2917    7.3492    8.1780    8.9815   10.0599   10.1153   10.4312   11.6663   12.3315
  2.7852  -14.5422  -13.6678   -4.5237   -3.5833   -3.5805   -2.3464   -1.4871   -1.4778   -1.0350   -0.6107   -0.6030    3.0621    3.0668    5.5536    6.8348    7.2854    7.3455    8.1752    8.9785   10.0773   10.1094   10.4192   11.6690   12.3413
  2.7973  -14.5434  -13.6683   -4.5251   -3.5821   -3.5809   -2.3451   -1.4810   -1.4768   -1.0389   -0.6053   -0.6018    3.0648    3.0669    5.5469    6.8282    7.2808    7.3428    8.1732    8.9763   10.0905   10.1051   10.4099   11.6708   12.3503
  2.8093  -14.5441  -13.6687   -4.5259   -3.5815   -3.5812   -2.3444   -1.4773   -1.4762   -1.0414   -0.6020   -0.6011    3.0665    3.0670    5.5428    6.8241    7.2781    7.3413    8.1720    8.9750   10.0988   10.1025   10.4040   11.6719   12.3536
  2.8213  -14.5444  -13.6688   -4.5262   -3.5812   -3.5812   -2.3441   -1.4760   -1.4760   -1.0422   -0.6009   -0.6009    3.0671    3.0671    5.5415    6.8228    7.2772    7.3407    8.1716    8.9746   10.1017   10.1017   10.4020   11.6723   12.3529
