#K-Path     Band-1    Band-2    Band-3    Band-4      ...     Band-n
  0.0000  -14.7002  -13.8322   -6.2019   -6.2019   -5.1847   -4.5973   -4.5973   -2.9702   -1.1773   -0.7699   -0.7699   -0.2904   -0.2904    5.3650    6.7530    7.2221    7.2745    8.1250    8.9228    9.9099    9.9099   10.3307   11.6445   12.1638
  0.0104  -14.7000  -13.8321   -6.2018   -6.2018   -5.1846   -4.5974   -4.5973   -2.9703   -1.1771   -0.7709   -0.7702   -0.2911   -0.2904    5.3660    6.7539    7.2227    7.2749    8.1252    8.9231    9.9080    9.9105   10.3320   11.6441   12.1640
  0.0209  -14.6995  -13.8320   -6.2017   -6.2017   -5.1841   -4.5976   -4.5973   -2.9706   -1.1767   -0.7739   -0.7711   -0.2933   -0.2905    5.3690    6.7567    7.2246    7.2760    8.1260    8.9241    9.9026    9.9123   10.3357   11.6428   12.1607
  0.0313  -14.6986  -13.8317   -6.2016   -6.2015   -5.1833   -4.5980   -4.5972   -2.9711   -1.1760   -0.7790   -0.7727   -0.2970   -0.2906    5.3740    6.7613    7.2276    7.2778    8.1274    8.9256    9.8938    9.9154   10.3418   11.6406   12.1612
  0.0417  -14.6974  -13.8314   -6.2013   -6.2011   -5.1822   -4.5986   -4.5972   -2.9718   -1.1750   -0.7860   -0.7750   -0.3021   -0.2908    5.3810    6.7678    7.2320    7.2804    8.1293    8.9278    9.8819    9.9197   10.3499   11.6375   12.1508
  0.0522  -14.6958  -13.8310   -6.2010   -6.2007   -5.1808   -4.5993   -4.5971   -2.9727   -1.1737   -0.7950   -0.7778   -0.3087   -0.2910    5.3900    6.7760    7.2376    7.2837    8.1317    8.9306    9.8672    9.9252   10.3598   11.6333   12.1423
  0.0626  -14.6939  -13.8305   -6.2006   -6.2002   -5.1790   -4.6002   -4.5970   -2.9738   -1.1722   -0.8059   -0.7813   -0.3167   -0.2912    5.4009    6.7859    7.2445    7.2878    8.1346    8.9341    9.8501    9.9320   10.3712   11.6281   12.1329
  0.0730  -14.6916  -13.8299   -6.2001   -6.1996   -5.1770   -4.6012   -4.5969   -2.9752   -1.1704   -0.8186   -0.7854   -0.3261   -0.2915    5.4136    6.7974    7.2528    7.2925    8.1381    8.9381    9.8310    9.9399   10.3838   11.6217   12.1226
  0.0834  -14.6890  -13.8292   -6.1996   -6.1989   -5.1746   -4.6025   -4.5968   -2.9767   -1.1684   -0.8330   -0.7902   -0.3370   -0.2918    5.4283    6.8104    7.2625    7.2980    8.1420    8.9428    9.8101    9.9490   10.3975   11.6139   12.1111
  0.0939  -14.6861  -13.8285   -6.1990   -6.1981   -5.1720   -4.6038   -4.5967   -2.9785   -1.1662   -0.8492   -0.7955   -0.3493   -0.2922    5.4447    6.8249    7.2736    7.3042    8.1463    8.9481    9.7877    9.9592   10.4121   11.6048   12.0992
  0.1043  -14.6828  -13.8276   -6.1984   -6.1972   -5.1690   -4.6054   -4.5965   -2.9805   -1.1639   -0.8669   -0.8014   -0.3629   -0.2927    5.4630    6.8407    7.2861    7.3111    8.1512    8.9539    9.7643    9.9706   10.4274   11.5940   12.0871
  0.1147  -14.6791  -13.8266   -6.1976   -6.1962   -5.1657   -4.6071   -4.5963   -2.9827   -1.1615   -0.8861   -0.8080   -0.3778   -0.2932    5.4829    6.8576    7.3001    7.3187    8.1564    8.9604    9.7399    9.9831   10.4433   11.5817   12.0744
  0.1252  -14.6751  -13.8256   -6.1968   -6.1951   -5.1621   -4.6089   -4.5961   -2.9851   -1.1591   -0.9066   -0.8151   -0.3941   -0.2937    5.5045    6.8756    7.3155    7.3272    8.1620    8.9674    9.7149    9.9967   10.4597   11.5675   12.0621
  0.1356  -14.6708  -13.8245   -6.1960   -6.1939   -5.1583   -4.6110   -4.5959   -2.9878   -1.1567   -0.9283   -0.8227   -0.4117   -0.2943    5.5276    6.8945    7.3310    7.3378    8.1680    8.9750    9.6895   10.0114   10.4766   11.5515   12.0501
  0.1460  -14.6662  -13.8233   -6.1951   -6.1926   -5.1541   -4.6132   -4.5956   -2.9907   -1.1548   -0.9507   -0.8310   -0.4305   -0.2950    5.5523    6.9142    7.3429    7.3543    8.1744    8.9832    9.6639   10.0270   10.4938   11.5336   12.0386
  0.1565  -14.6612  -13.8220   -6.1941   -6.1911   -5.1497   -4.6156   -4.5953   -2.9939   -1.1534   -0.9736   -0.8398   -0.4505   -0.2956    5.5785    6.9344    7.3532    7.3748    8.1810    8.9919    9.6384   10.0437   10.5115   11.5138   12.0278
  0.1669  -14.6559  -13.8207   -6.1931   -6.1896   -5.1450   -4.6181   -4.5950   -2.9973   -1.1532   -0.9964   -0.8491   -0.4717   -0.2964    5.6060    6.9551    7.3637    7.3973    8.1880    9.0012    9.6132   10.0614   10.5294   11.4920   12.0179
  0.1773  -14.6503  -13.8192   -6.1920   -6.1879   -5.1400   -4.6209   -4.5947   -3.0010   -1.1551   -1.0180   -0.8589   -0.4940   -0.2972    5.6348    6.9761    7.3745    7.4218    8.1952    9.0109    9.5886   10.0799   10.5477   11.4685   12.0088
  0.1878  -14.6443  -13.8177   -6.1908   -6.1861   -5.1347   -4.6238   -4.5943   -3.0049   -1.1605   -1.0370   -0.8693   -0.5174   -0.2981    5.6648    6.9973    7.3857    7.4482    8.2027    9.0212    9.5647   10.0994   10.5662   11.4433   12.0005
  0.1982  -14.6380  -13.8161   -6.1896   -6.1842   -5.1292   -4.6269   -4.5939   -3.0091   -1.1710   -1.0517   -0.8801   -0.5418   -0.2990    5.6960    7.0186    7.3972    7.4764    8.2104    9.0319    9.5419   10.1196   10.5850   11.4166   11.9931
  0.2086  -14.6314  -13.8145   -6.1884   -6.1822   -5.1234   -4.6301   -4.5934   -3.0136   -1.1876   -1.0609   -0.8915   -0.5672   -0.3000    5.7282    7.0399    7.4091    7.5063    8.2183    9.0430    9.5203   10.1407   10.6040   11.3885   11.9866
  0.2191  -14.6246  -13.8127   -6.1871   -6.1800   -5.1173   -4.6336   -4.5929   -3.0184   -1.2099   -1.0652   -0.9033   -0.5935   -0.3010    5.7614    7.0611    7.4211    7.5379    8.2266    9.0545    9.5003   10.1625   10.6232   11.3593   11.9807
  0.2295  -14.6174  -13.8109   -6.1857   -6.1777   -5.1110   -4.6372   -4.5924   -3.0235   -1.2365   -1.0657   -0.9155   -0.6207   -0.3021    5.7955    7.0821    7.4334    7.5710    8.2351    9.0664    9.4820   10.1849   10.6426   11.3291   11.9754
  0.2399  -14.6099  -13.8091   -6.1843   -6.1753   -5.1045   -4.6411   -4.5918   -3.0289   -1.2662   -1.0637   -0.9282   -0.6486   -0.3032    5.8303    7.1028    7.4457    7.6055    8.2440    9.0785    9.4658   10.2080   10.6620   11.2981   11.9705
  0.2503  -14.6021  -13.8071   -6.1829   -6.1727   -5.0978   -4.6451   -4.5912   -3.0347   -1.2980   -1.0601   -0.9413   -0.6773   -0.3044    5.8659    7.1233    7.4580    7.6412    8.2533    9.0909    9.4519   10.2316   10.6815   11.2667   11.9661
  0.2608  -14.5940  -13.8052   -6.1814   -6.1700   -5.0908   -4.6493   -4.5905   -3.0407   -1.3313   -1.0553   -0.9549   -0.7067   -0.3056    5.9020    7.1434    7.4703    7.6779    8.2633    9.1035    9.4405   10.2557   10.7009   11.2349   11.9618
  0.2712  -14.5856  -13.8031   -6.1799   -6.1671   -5.0836   -4.6537   -4.5898   -3.0471   -1.3658   -1.0497   -0.9688   -0.7367   -0.3069    5.9387    7.1631    7.4824    7.7154    8.2740    9.1162    9.4318   10.2802   10.7201   11.2031   11.9578
  0.2816  -14.5770  -13.8010   -6.1784   -6.1641   -5.0762   -4.6583   -4.5890   -3.0538   -1.4012   -1.0435   -0.9831   -0.7672   -0.3082    5.9758    7.1823    7.4943    7.7533    8.2857    9.1290    9.4261   10.3051   10.7390   11.1714   11.9537
  0.2921  -14.5681  -13.7989   -6.1768   -6.1610   -5.0687   -4.6631   -4.5882   -3.0608   -1.4373   -1.0369   -0.9978   -0.7982   -0.3096    6.0132    7.2009    7.5061    7.7914    8.2986    9.1419    9.4234   10.3303   10.7574   11.1403   11.9496
  0.3025  -14.5589  -13.7967   -6.1752   -6.1576   -5.0609   -4.6681   -4.5873   -3.0682   -1.4740   -1.0299   -1.0128   -0.8296   -0.3110    6.0508    7.2189    7.5175    7.8295    8.3130    9.1548    9.4240   10.3556   10.7751   11.1099   11.9453
  0.3129  -14.5494  -13.7944   -6.1736   -6.1542   -5.0530   -4.6733   -4.5864   -3.0760   -1.5111   -1.0281   -1.0227   -0.8612   -0.3125    6.0884    7.2360    7.5288    7.8672    8.3292    9.1678    9.4277   10.3811   10.7916   11.0807   11.9407
  0.3234  -14.5397  -13.7921   -6.1719   -6.1505   -5.0450   -4.6787   -4.5854   -3.0841   -1.5487   -1.0437   -1.0154   -0.8929   -0.3140    6.1260    7.2521    7.5399    7.9042    8.3475    9.1809    9.4347   10.4066   10.8065   11.0533   11.9358
  0.3338  -14.5298  -13.7898   -6.1702   -6.1467   -5.0368   -4.6843   -4.5843   -3.0926   -1.5865   -1.0597   -1.0084   -0.9244   -0.3156    6.1635    7.2671    7.5509    7.9404    8.3681    9.1941    9.4449   10.4320   10.8188   11.0286   11.9305
  0.3442  -14.5196  -13.7874   -6.1685   -6.1427   -5.0285   -4.6900   -4.5831   -3.1014   -1.6246   -1.0759   -1.0028   -0.9543   -0.3172    6.2006    7.2806    7.5621    7.9755    8.3913    9.2077    9.4581   10.4573   10.8274   11.0077   11.9254
  0.3547  -14.5091  -13.7850   -6.1668   -6.1385   -5.0202   -4.6960   -4.5819   -3.1106   -1.6628   -1.0924   -1.0063   -0.9751   -0.3188    6.2372    7.2925    7.5737    8.0095    8.4170    9.2216    9.4742   10.4824   10.8306   10.9923   11.9205
  0.3651  -14.4985  -13.7826   -6.1651   -6.1342   -5.0118   -4.7021   -4.5807   -3.1202   -1.7012   -1.1092   -1.0300   -0.9754   -0.3205    6.2733    7.3025    7.5860    8.0423    8.4453    9.2361    9.4931   10.5071   10.8272   10.9836   11.9163
  0.3755  -14.4876  -13.7801   -6.1633   -6.1297   -5.0033   -4.7084   -4.5793   -3.1301   -1.7397   -1.1261   -1.0605   -0.9688   -0.3222    6.3085    7.3105    7.5992    8.0740    8.4759    9.2510    9.5145   10.5314   10.8173   10.9815   11.9132
  0.3860  -14.4765  -13.7777   -6.1615   -6.1250   -4.9948   -4.7149   -4.5779   -3.1404   -1.7783   -1.1433   -1.0922   -0.9608   -0.3239    6.3427    7.3165    7.6135    8.1048    8.5088    9.2666    9.5385   10.5553   10.8023   10.9844   11.9119
  0.3964  -14.4652  -13.7752   -6.1598   -6.1201   -4.9864   -4.7214   -4.5764   -3.1510   -1.8169   -1.1607   -1.1241   -0.9523   -0.3257    6.3757    7.3205    7.6293    8.1348    8.5435    9.2827    9.5648   10.5785   10.7843   10.9905   11.9113
  0.4068  -14.4537  -13.7726   -6.1580   -6.1150   -4.9781   -4.7281   -4.5748   -3.1619   -1.8555   -1.1783   -1.1558   -0.9435   -0.3275    6.4073    7.3226    7.6465    8.1643    8.5796    9.2994    9.5933   10.6011   10.7648   10.9982   11.9109
  0.4172  -14.4420  -13.7701   -6.1562   -6.1097   -4.9699   -4.7348   -4.5731   -3.1732   -1.8941   -1.1960   -1.1874   -0.9346   -0.3293    6.4370    7.3233    7.6652    8.1935    8.6169    9.3166    9.6239   10.6230   10.7448   11.0065   11.9056
  0.4277  -14.4302  -13.7676   -6.1545   -6.1042   -4.9619   -4.7415   -4.5714   -3.1848   -1.9327   -1.2186   -1.2139   -0.9255   -0.3311    6.4647    7.3229    7.6854    8.2224    8.6548    9.3344    9.6567   10.6440   10.7249   11.0150   11.8976
  0.4381  -14.4181  -13.7650   -6.1527   -6.0986   -4.9543   -4.7482   -4.5696   -3.1966   -1.9712   -1.2494   -1.2319   -0.9164   -0.3330    6.4901    7.3219    7.7070    8.2513    8.6932    9.3525    9.6913   10.6641   10.7055   11.0233   11.8870
  0.4485  -14.4059  -13.7625   -6.1510   -6.0927   -4.9471   -4.7546   -4.5677   -3.2087   -2.0097   -1.2797   -1.2500   -0.9073   -0.3349    6.5128    7.3209    7.7299    8.2801    8.7317    9.3710    9.7279   10.6833   10.6870   11.0314   11.8782
  0.4590  -14.3936  -13.7600   -6.1492   -6.0866   -4.9404   -4.7608   -4.5657   -3.2211   -2.0482   -1.3094   -1.2682   -0.8980   -0.3368    6.5324    7.3203    7.7541    8.3090    8.7701    9.3897    9.7661   10.6694   10.7015   11.0394   11.8699
  0.4694  -14.3811  -13.7575   -6.1475   -6.0804   -4.9345   -4.7664   -4.5637   -3.2337   -2.0866   -1.3385   -1.2865   -0.8888   -0.3387    6.5488    7.3208    7.7794    8.3380    8.8083    9.4086    9.8061   10.6529   10.7186   11.0474   11.8620
  0.4798  -14.3685  -13.7549   -6.1457   -6.0739   -4.9296   -4.7714   -4.5616   -3.2464   -2.1250   -1.3670   -1.3049   -0.8796   -0.3406    6.5615    7.3227    7.8058    8.3669    8.8460    9.4275    9.8474   10.6375   10.7346   11.0556   11.8545
  0.4903  -14.3557  -13.7524   -6.1440   -6.0672   -4.9259   -4.7755   -4.5594   -3.2593   -2.1633   -1.3947   -1.3233   -0.8704   -0.3425    6.5705    7.3263    7.8332    8.3959    8.8833    9.4465    9.8901   10.6235   10.7495   11.0643   11.8475
  0.5007  -14.3428  -13.7500   -6.1423   -6.0604   -4.9237   -4.7784   -4.5571   -3.2723   -2.2016   -1.4217   -1.3417   -0.8612   -0.3444    6.5756    7.3320    7.8615    8.4248    8.9200    9.4653    9.9338   10.6108   10.7632   11.0736   11.8411
  0.5111  -14.3298  -13.7475   -6.1406   -6.0533   -4.9232   -4.7799   -4.5547   -3.2855   -2.2398   -1.4479   -1.3602   -0.8521   -0.3463    6.5768    7.3398    7.8908    8.4535    8.9563    9.4840    9.9784   10.5996   10.7758   11.0839   11.8356
  0.5216  -14.3168  -13.7451   -6.1390   -6.0460   -4.9246   -4.7799   -4.5522   -3.2986   -2.2780   -1.4732   -1.3786   -0.8430   -0.3483    6.5742    7.3497    7.9209    8.4820    8.9920    9.5025   10.0235   10.5900   10.7872   11.0954   11.8309
  0.5320  -14.3036  -13.7427   -6.1373   -6.0385   -4.9278   -4.7783   -4.5497   -3.3118   -2.3161   -1.4978   -1.3971   -0.8340   -0.3502    6.5682    7.3616    7.9518    8.5102    9.0274    9.5207   10.0687   10.5823   10.7974   11.1083   11.8273
  0.5424  -14.2904  -13.7404   -6.1357   -6.0309   -4.9329   -4.7753   -4.5471   -3.3249   -2.3542   -1.5214   -1.4154   -0.8251   -0.3521    6.5589    7.3752    7.9835    8.5380    9.0624    9.5386   10.1136   10.5767   10.8065   11.1228   11.8248
  0.5529  -14.2771  -13.7381   -6.1341   -6.0230   -4.9396   -4.7710   -4.5445   -3.3380   -2.3922   -1.5441   -1.4338   -0.8162   -0.3540    6.5466    7.3903    8.0161    8.5653    9.0971    9.5563   10.1575   10.5736   10.8145   11.1390   11.8236
  0.5633  -14.2637  -13.7359   -6.1326   -6.0150   -4.9477   -4.7657   -4.5417   -3.3510   -2.4302   -1.5659   -1.4521   -0.8075   -0.3559    6.5318    7.4065    8.0494    8.5920    9.1317    9.5736   10.1997   10.5738   10.8213   11.1571   11.8238
  0.5737  -14.2504  -13.7337   -6.1311   -6.0067   -4.9570   -4.7595   -4.5389   -3.3638   -2.4681   -1.5868   -1.4702   -0.7988   -0.3578    6.5148    7.4236    8.0834    8.6182    9.1662    9.5908   10.2391   10.5779   10.8271   11.1771   11.8254
  0.5841  -14.2369  -13.7315   -6.1296   -5.9983   -4.9673   -4.7527   -4.5360   -3.3765   -2.5059   -1.6068   -1.4883   -0.7903   -0.3597    6.4960    7.4411    8.1182    8.6436    9.2007    9.6078   10.2747   10.5870   10.8318   11.1990   11.8286
  0.5946  -14.2235  -13.7295   -6.1281   -5.9897   -4.9784   -4.7454   -4.5331   -3.3890   -2.5437   -1.6259   -1.5063   -0.7819   -0.3616    6.4755    7.4588    8.1537    8.6683    9.2351    9.6249   10.3053   10.6020   10.8356   11.2230   11.8333
  0.6050  -14.2101  -13.7275   -6.1266   -5.9810   -4.9903   -4.7378   -4.5301   -3.4012   -2.5813   -1.6441   -1.5241   -0.7737   -0.3634    6.4538    7.4765    8.1899    8.6922    9.2695    9.6422   10.3302   10.6236   10.8384   11.2489   11.8396
  0.6154  -14.1966  -13.7256   -6.1252   -5.9721   -5.0028   -4.7298   -4.5270   -3.4131   -2.6188   -1.6614   -1.5418   -0.7656   -0.3653    6.4311    7.4939    8.2268    8.7154    9.3037    9.6600   10.3492   10.6517   10.8404   11.2768   11.8474
  0.6259  -14.1832  -13.7237   -6.1239   -5.9630   -5.0157   -4.7217   -4.5239   -3.4248   -2.6562   -1.6778   -1.5593   -0.7576   -0.3671    6.4076    7.5108    8.2642    8.7378    9.3377    9.6786   10.3630   10.6855   10.8415   11.3066   11.8567
  0.6363  -14.1698  -13.7220   -6.1225   -5.9538   -5.0291   -4.7135   -4.5208   -3.4361   -2.6934   -1.6934   -1.5766   -0.7499   -0.3689    6.3835    7.5270    8.3022    8.7594    9.3712    9.6983   10.3728   10.7237   10.8418   11.3381   11.8674
  0.6467  -14.1564  -13.7203   -6.1213   -5.9444   -5.0429   -4.7052   -4.5176   -3.4471   -2.7304   -1.7081   -1.5937   -0.7422   -0.3706    6.3589    7.5424    8.3406    8.7803    9.4041    9.7196   10.3797   10.7653   10.8415   11.3713   11.8793
  0.6572  -14.1431  -13.7187   -6.1200   -5.9350   -5.0569   -4.6969   -4.5144   -3.4577   -2.7672   -1.7220   -1.6106   -0.7348   -0.3724    6.3341    7.5570    8.3794    8.8005    9.4361    9.7429   10.3846   10.8093   10.8404   11.4062   11.8922
  0.6676  -14.1298  -13.7172   -6.1188   -5.9254   -5.0712   -4.6887   -4.5111   -3.4680   -2.8037   -1.7352   -1.6273   -0.7276   -0.3741    6.3091    7.5705    8.4184    8.8201    9.4668    9.7686   10.3881   10.8388   10.8548   11.4425   11.9058
  0.6780  -14.1166  -13.7159   -6.1176   -5.9157   -5.0856   -4.6804   -4.5078   -3.4778   -2.8399   -1.7476   -1.6437   -0.7205   -0.3758    6.2842    7.5830    8.4576    8.8391    9.4963    9.7971   10.3909   10.8366   10.9014   11.4801   11.9199
  0.6885  -14.1035  -13.7146   -6.1164   -5.9060   -5.1002   -4.6723   -4.5045   -3.4873   -2.8758   -1.7592   -1.6599   -0.7137   -0.3774    6.2593    7.5944    8.4967    8.8578    9.5242    9.8286   10.3933   10.8339   10.9488   11.5190   11.9340
  0.6989  -14.0905  -13.7135   -6.1153   -5.8962   -5.1149   -4.6642   -4.5012   -3.4963   -2.9113   -1.7702   -1.6758   -0.7070   -0.3790    6.2345    7.6047    8.5354    8.8761    9.5508    9.8633   10.3956   10.8308   10.9967   11.5588   11.9478
  0.7093  -14.0776  -13.7125   -6.1143   -5.8863   -5.1296   -4.6562   -4.4979   -3.5050   -2.9465   -1.7804   -1.6914   -0.7006   -0.3806    6.2100    7.6139    8.5735    8.8945    9.5762    9.9011   10.3981   10.8273   11.0449   11.5995   11.9609
  0.7197  -14.0648  -13.7116   -6.1132   -5.8765   -5.1443   -4.6483   -4.4946   -3.5132   -2.9812   -1.7901   -1.7067   -0.6943   -0.3822    6.1859    7.6220    8.6107    8.9130    9.6006    9.9418   10.4009   10.8234   11.0934   11.6409   11.9728
  0.7302  -14.0521  -13.7108   -6.1123   -5.8666   -5.1589   -4.6406   -4.4912   -3.5210   -3.0154   -1.7991   -1.7216   -0.6883   -0.3837    6.1621    7.6291    8.6464    8.9320    9.6244    9.9852   10.4042   10.8193   11.1421   11.6825   11.9831
  0.7406  -14.0396  -13.7102   -6.1113   -5.8567   -5.1734   -4.6330   -4.4879   -3.5284   -3.0491   -1.8075   -1.7362   -0.6825   -0.3852    6.1388    7.6352    8.6803    8.9520    9.6479   10.0312   10.4082   10.8149   11.1909   11.7243   11.9914
  0.7510  -14.0272  -13.7098   -6.1104   -5.8469   -5.1878   -4.6256   -4.4846   -3.5355   -3.0822   -1.8153   -1.7505   -0.6769   -0.3866    6.1160    7.6404    8.7117    8.9734    9.6714   10.0794   10.4131   10.8103   11.2399   11.7656   11.9973
  0.7615  -14.0149  -13.7094   -6.1095   -5.8372   -5.2020   -4.6184   -4.4814   -3.5421   -3.1146   -1.8227   -1.7644   -0.6715   -0.3880    6.0937    7.6447    8.7402    8.9964    9.6952   10.1296   10.4191   10.8055   11.2890   11.8060   12.0009
  0.7719  -14.0029  -13.7093   -6.1087   -5.8275   -5.2159   -4.6113   -4.4782   -3.5485   -3.1465   -1.8295   -1.7779   -0.6663   -0.3893    6.0720    7.6481    8.7653    9.0215    9.7195   10.1816   10.4262   10.8006   11.3382   11.8442   12.0022
  0.7823  -13.9910  -13.7093   -6.1079   -5.8179   -5.2295   -4.6043   -4.4750   -3.5545   -3.1775   -1.8358   -1.7910   -0.6614   -0.3907    6.0510    7.6507    8.7870    9.0486    9.7445   10.2353   10.4348   10.7957   11.3873   11.8785   12.0027
  0.7928  -13.9793  -13.7094   -6.1071   -5.8086   -5.2429   -4.5976   -4.4719   -3.5602   -3.2078   -1.8417   -1.8037   -0.6566   -0.3919    6.0306    7.6527    8.8051    9.0776    9.7705   10.2906   10.4449   10.7907   11.4363   11.9048   12.0057
  0.8032  -13.9678  -13.7098   -6.1064   -5.7993   -5.2558   -4.5910   -4.4688   -3.5656   -3.2373   -1.8471   -1.8160   -0.6521   -0.3931    6.0109    7.6540    8.8201    9.1080    9.7975   10.3472   10.4567   10.7857   11.4850   11.9170   12.0166
  0.8136  -13.9565  -13.7103   -6.1057   -5.7903   -5.2683   -4.5847   -4.4658   -3.5708   -3.2658   -1.8522   -1.8279   -0.6479   -0.3943    5.9919    7.6548    8.8323    9.1393    9.8258   10.4051   10.4703   10.7807   11.5330   11.9138   12.0362
  0.8241  -13.9454  -13.7110   -6.1051   -5.7816   -5.2804   -4.5785   -4.4629   -3.5758   -3.2933   -1.8568   -1.8392   -0.6438   -0.3954    5.9736    7.6551    8.8421    9.1709    9.8553   10.4641   10.4859   10.7757   11.5797   11.9004   12.0591
  0.8345  -13.9345  -13.7119   -6.1044   -5.7731   -5.2920   -4.5725   -4.4600   -3.5806   -3.3198   -1.8611   -1.8502   -0.6400   -0.3965    5.9562    7.6549    8.8498    9.2024    9.8864   10.5035   10.5244   10.7708   11.6236   11.8820   12.0804
  0.8449  -13.9239  -13.7130   -6.1039   -5.7649   -5.3030   -4.5667   -4.4573   -3.5853   -3.3451   -1.8651   -1.8606   -0.6363   -0.3975    5.9395    7.6544    8.8559    9.2330    9.9191   10.5233   10.5857   10.7661   11.6617   11.8634   12.0974
  0.8554  -13.9135  -13.7142   -6.1033   -5.7571   -5.3135   -4.5611   -4.4546   -3.5900   -3.3692   -1.8706   -1.8687   -0.6329   -0.3985    5.9236    7.6536    8.8607    9.2626    9.9535   10.5452   10.6480   10.7614   11.6870   11.8521   12.1088
  0.8658  -13.9034  -13.7157   -6.1028   -5.7496   -5.3234   -4.5558   -4.4520   -3.5947   -3.3919   -1.8800   -1.8720   -0.6297   -0.3994    5.9085    7.6525    8.8643    9.2905    9.9898   10.5693   10.7113   10.7570   11.6896   11.8576   12.1144
  0.8762  -13.8935  -13.7174   -6.1023   -5.7425   -5.3327   -4.5507   -4.4496   -3.5995   -3.4131   -1.8890   -1.8750   -0.6267   -0.4003    5.8943    7.6512    8.8671    9.3167   10.0281   10.5954   10.7526   10.7754   11.6694   11.8790   12.1154
  0.8866  -13.8839  -13.7193   -6.1019   -5.7358   -5.3414   -4.5458   -4.4473   -3.6045   -3.4328   -1.8974   -1.8778   -0.6240   -0.4011    5.8810    7.6497    8.8691    9.3409   10.0683   10.6236   10.7485   10.8404   11.6353   11.9044   12.1156
  0.8971  -13.8745  -13.7214   -6.1015   -5.7296   -5.3494   -4.5411   -4.4451   -3.6097   -3.4508   -1.9053   -1.8803   -0.6214   -0.4019    5.8685    7.6482    8.8706    9.3629   10.1105   10.6536   10.7446   10.9063   11.5936   11.9220   12.1215
  0.9075  -13.8655  -13.7237   -6.1011   -5.7239   -5.3568   -4.5367   -4.4430   -3.6151   -3.4671   -1.9126   -1.8825   -0.6190   -0.4026    5.8569    7.6466    8.8716    9.3827   10.1546   10.6853   10.7409   10.9729   11.5473   11.9236   12.1394
  0.9179  -13.8567  -13.7262   -6.1008   -5.7186   -5.3635   -4.5326   -4.4411   -3.6209   -3.4815   -1.9194   -1.8845   -0.6168   -0.4032    5.8461    7.6450    8.8722    9.4004   10.2007   10.7183   10.7375   11.0402   11.4982   11.9086   12.1699
  0.9284  -13.8482  -13.7290   -6.1005   -5.7138   -5.3695   -4.5288   -4.4393   -3.6270   -3.4941   -1.9256   -1.8864   -0.6149   -0.4038    5.8363    7.6434    8.8726    9.4160   10.2485   10.7343   10.7525   11.1081   11.4470   11.8817   12.2082
  0.9388  -13.8401  -13.7319   -6.1002   -5.7095   -5.3749   -4.5252   -4.4377   -3.6332   -3.5048   -1.9313   -1.8880   -0.6131   -0.4044    5.8274    7.6418    8.8727    9.4295   10.2979   10.7314   10.7872   11.1764   11.3946   11.8476   12.2481
  0.9492  -13.8322  -13.7351   -6.0999   -5.7057   -5.3796   -4.5220   -4.4363   -3.6395   -3.5139   -1.9364   -1.8893   -0.6115   -0.4049    5.8194    7.6404    8.8727    9.4412   10.3487   10.7287   10.8219   11.2449   11.3421   11.8095   12.2815
  0.9597  -13.8248  -13.7384   -6.0997   -5.7024   -5.3837   -4.5191   -4.4350   -3.6457   -3.5213   -1.9409   -1.8906   -0.6101   -0.4053    5.8124    7.6390    8.8726    9.4511   10.4007   10.7264   10.8555   11.2858   11.3178   11.7698   12.2897
  0.9701  -13.8177  -13.7419   -6.0995   -5.6995   -5.3872   -4.5166   -4.4338   -3.6516   -3.5274   -1.9448   -1.8916   -0.6089   -0.4057    5.8062    7.6378    8.8724    9.4594   10.4535   10.7243   10.8866   11.2372   11.3844   11.7305   12.2564
  0.9805  -13.8110  -13.7455   -6.0994   -5.6972   -5.3901   -4.5144   -4.4328   -3.6570   -3.5321   -1.9481   -1.8925   -0.6079   -0.4060    5.8011    7.6367    8.8722    9.4661   10.5068   10.7226   10.9123   11.1908   11.4516   11.6943   12.1980
  0.9910  -13.8049  -13.7491   -6.0992   -5.6952   -5.3925   -4.5126   -4.4320   -3.6617   -3.5358   -1.9508   -1.8932   -0.6071   -0.4062    5.7968    7.6358    8.8720    9.4715   10.5599   10.7211   10.9280   11.1526   11.5136   11.6665   12.1305
  1.0014  -13.7994  -13.7526   -6.0991   -5.6938   -5.3943   -4.5112   -4.4314   -3.6655   -3.5386   -1.9530   -1.8937   -0.6065   -0.4065    5.7935    7.6351    8.8719    9.4756   10.6119   10.7200   10.9276   11.1283   11.5549   11.6640   12.0599
  1.0118  -13.7949  -13.7557   -6.0990   -5.6927   -5.3956   -4.5101   -4.4310   -3.6683   -3.5404   -1.9545   -1.8941   -0.6060   -0.4066    5.7911    7.6346    8.8717    9.4784   10.6604   10.7192   10.9100   11.1195   11.5589   11.7054   11.9885
  1.0223  -13.7918  -13.7580   -6.0990   -5.6921   -5.3963   -4.5095   -4.4307   -3.6700   -3.5415   -1.9554   -1.8943   -0.6057   -0.4067    5.7897    7.6343    8.8716    9.4801   10.6999   10.7187   10.8851   11.1193   11.5503   11.7668   11.9185
  1.0327  -13.7907  -13.7588   -6.0990   -5.6919   -5.3966   -4.5093   -4.4306   -3.6706   -3.5419   -1.9557   -1.8944   -0.6057   -0.4067    5.7892    7.6342    8.8716    9.4807   10.7171   10.7185   10.8721   11.1202   11.5463   11.8142   11.8691
  1.0327  -13.7907  -13.7588   -6.0990   -5.6919   -5.3966   -4.5093   -4.4306   -3.6706   -3.5419   -1.9557   -1.8944   -0.6057   -0.4067    5.7892    7.6342    8.8716    9.4807   10.7171   10.7185   10.8721   11.1202   11.5463   11.8142   11.8691
  1.0387  -13.7907  -13.7588   -6.0990   -5.6919   -5.3965   -4.5093   -4.4307   -3.6704   -3.5420   -1.9559   -1.8944   -0.6056   -0.4069    5.7895    7.6346    8.8718    9.4809   10.7043   10.7306   10.8722   11.1207   11.5463   11.8143   11.8692
  1.0447  -13.7906  -13.7588   -6.0989   -5.6919   -5.3962   -4.5094   -4.4310   -3.6699   -3.5421   -1.9566   -1.8944   -0.6055   -0.4076    5.7904    7.6359    8.8724    9.4813   10.6902   10.7427   10.8726   11.1222   11.5463   11.8146   11.8696
  1.0508  -13.7906  -13.7587   -6.0988   -5.6920   -5.3958   -4.5094   -4.4315   -3.6690   -3.5424   -1.9578   -1.8944   -0.6054   -0.4087    5.7920    7.6381    8.8734    9.4821   10.6754   10.7540   10.8732   11.1247   11.5463   11.8151   11.8702
  1.0568  -13.7905  -13.7586   -6.0987   -5.6921   -5.3953   -4.5095   -4.4323   -3.6677   -3.5427   -1.9594   -1.8944   -0.6053   -0.4103    5.7941    7.6411    8.8748    9.4832   10.6599   10.7647   10.8740   11.1282   11.5463   11.8158   11.8710
  1.0628  -13.7904  -13.7584   -6.0985   -5.6922   -5.3945   -4.5096   -4.4332   -3.6662   -3.5432   -1.9615   -1.8944   -0.6051   -0.4123    5.7969    7.6449    8.8765    9.4847   10.6438   10.7747   10.8750   11.1326   11.5462   11.8167   11.8722
  1.0688  -13.7902  -13.7582   -6.0983   -5.6923   -5.3937   -4.5097   -4.4343   -3.6642   -3.5437   -1.9640   -1.8944   -0.6048   -0.4147    5.8002    7.6496    8.8787    9.4864   10.6272   10.7840   10.8763   11.1379   11.5462   11.8178   11.8735
  1.0748  -13.7901  -13.7580   -6.0981   -5.6924   -5.3926   -4.5098   -4.4356   -3.6620   -3.5444   -1.9670   -1.8945   -0.6045   -0.4176    5.8042    7.6551    8.8813    9.4885   10.6100   10.7927   10.8778   11.1440   11.5461   11.8191   11.8751
  1.0809  -13.7899  -13.7577   -6.0978   -5.6926   -5.3914   -4.5100   -4.4371   -3.6594   -3.5452   -1.9705   -1.8945   -0.6042   -0.4209    5.8087    7.6615    8.8842    9.4909   10.5923   10.8008   10.8795   11.1509   11.5461   11.8206   11.8770
  1.0869  -13.7897  -13.7575   -6.0975   -5.6928   -5.3900   -4.5102   -4.4388   -3.6564   -3.5460   -1.9743   -1.8945   -0.6038   -0.4246    5.8139    7.6687    8.8876    9.4936   10.5741   10.8084   10.8814   11.1585   11.5460   11.8223   11.8791
  1.0929  -13.7894  -13.7571   -6.0971   -5.6930   -5.3885   -4.5104   -4.4406   -3.6532   -3.5470   -1.9786   -1.8946   -0.6034   -0.4287    5.8196    7.6768    8.8913    9.4966   10.5555   10.8155   10.8836   11.1667   11.5459   11.8241   11.8815
  1.0989  -13.7892  -13.7568   -6.0967   -5.6933   -5.3868   -4.5106   -4.4427   -3.6496   -3.5481   -1.9833   -1.8946   -0.6030   -0.4332    5.8259    7.6856    8.8955    9.5000   10.5365   10.8221   10.8860   11.1755   11.5457   11.8262   11.8841
  1.1050  -13.7889  -13.7564   -6.0963   -5.6935   -5.3850   -4.5108   -4.4449   -3.6457   -3.5492   -1.9884   -1.8947   -0.6025   -0.4382    5.8328    7.6952    8.9000    9.5037   10.5170   10.8283   10.8886   11.1848   11.5456   11.8285   11.8869
  1.1110  -13.7886  -13.7560   -6.0958   -5.6938   -5.3830   -4.5111   -4.4473   -3.6414   -3.5505   -1.9940   -1.8948   -0.6020   -0.4435    5.8402    7.7057    8.9050    9.5077   10.4973   10.8342   10.8915   11.1945   11.5454   11.8310   11.8900
  1.1170  -13.7882  -13.7555   -6.0953   -5.6941   -5.3808   -4.5114   -4.4498   -3.6369   -3.5519   -1.9999   -1.8950   -0.6015   -0.4492    5.8481    7.7169    8.9103    9.5120   10.4771   10.8397   10.8945   11.2047   11.5451   11.8337   11.8933
  1.1230  -13.7879  -13.7551   -6.0947   -5.6945   -5.3785   -4.5117   -4.4525   -3.6321   -3.5534   -2.0062   -1.8951   -0.6010   -0.4552    5.8566    7.7289    8.9160    9.5166   10.4567   10.8449   10.8978   11.2152   11.5448   11.8366   11.8969
  1.1290  -13.7875  -13.7545   -6.0941   -5.6949   -5.3760   -4.5120   -4.4554   -3.6269   -3.5549   -2.0128   -1.8954   -0.6005   -0.4616    5.8656    7.7417    8.9221    9.5216   10.4361   10.8499   10.9013   11.2260   11.5445   11.8397   11.9007
  1.1351  -13.7871  -13.7540   -6.0935   -5.6953   -5.3734   -4.5123   -4.4584   -3.6215   -3.5566   -2.0199   -1.8956   -0.6000   -0.4684    5.8752    7.7552    8.9286    9.5269   10.4152   10.8546   10.9050   11.2371   11.5441   11.8429   11.9048
  1.1411  -13.7866  -13.7534   -6.0928   -5.6957   -5.3706   -4.5127   -4.4616   -3.6158   -3.5584   -2.0272   -1.8959   -0.5995   -0.4755    5.8852    7.7695    8.9355    9.5326   10.3941   10.8592   10.9089   11.2484   11.5436   11.8464   11.9091
  1.1471  -13.7862  -13.7528   -6.0921   -5.6961   -5.3677   -4.5131   -4.4648   -3.6098   -3.5603   -2.0349   -1.8962   -0.5989   -0.4829    5.8957    7.7845    8.9428    9.5385   10.3728   10.8636   10.9130   11.2598   11.5431   11.8501   11.9136
  1.1531  -13.7857  -13.7522   -6.0914   -5.6966   -5.3646   -4.5135   -4.4682   -3.6035   -3.5623   -2.0430   -1.8966   -0.5984   -0.4906    5.9066    7.8002    8.9504    9.5448   10.3514   10.8678   10.9173   11.2715   11.5425   11.8539   11.9184
  1.1592  -13.7852  -13.7516   -6.0906   -5.6971   -5.3613   -4.5140   -4.4718   -3.5970   -3.5644   -2.0513   -1.8971   -0.5979   -0.4986    5.9181    7.8166    8.9585    9.5515   10.3298   10.8720   10.9218   11.2833   11.5418   11.8580   11.9234
  1.1652  -13.7847  -13.7509   -6.0897   -5.6976   -5.3579   -4.5144   -4.4754   -3.5902   -3.5667   -2.0599   -1.8977   -0.5974   -0.5068    5.9299    7.8337    8.9669    9.5584   10.3082   10.8760   10.9265   11.2952   11.5410   11.8623   11.9287
  1.1712  -13.7841  -13.7502   -6.0889   -5.6982   -5.3544   -4.5149   -4.4792   -3.5832   -3.5690   -2.0688   -1.8983   -0.5969   -0.5154    5.9422    7.8514    8.9757    9.5658   10.2864   10.8799   10.9314   11.3073   11.5401   11.8667   11.9342
  1.1772  -13.7836  -13.7494   -6.0879   -5.6988   -5.3507   -4.5154   -4.4830   -3.5759   -3.5714   -2.0779   -1.8990   -0.5965   -0.5241    5.9549    7.8697    8.9849    9.5734   10.2647   10.8838   10.9364   11.3194   11.5391   11.8714   11.9399
  1.1832  -13.7830  -13.7487   -6.0870   -5.6994   -5.3468   -4.5159   -4.4870   -3.5739   -3.5684   -2.0873   -1.8998   -0.5961   -0.5331    5.9679    7.8887    8.9945    9.5814   10.2429   10.8876   10.9417   11.3316   11.5380   11.8762   11.9459
  1.1893  -13.7824  -13.7479   -6.0860   -5.7001   -5.3428   -4.5165   -4.4910   -3.5766   -3.5607   -2.0970   -1.9007   -0.5957   -0.5423    5.9813    7.9083    9.0044    9.5897   10.2211   10.8913   10.9471   11.3439   11.5368   11.8813   11.9521
  1.1953  -13.7817  -13.7471   -6.0849   -5.7008   -5.3387   -4.5171   -4.4952   -3.5793   -3.5527   -2.1068   -1.9017   -0.5954   -0.5516    5.9951    7.9285    9.0146    9.5984   10.1994   10.8950   10.9527   11.3562   11.5355   11.8865   11.9585
  1.2013  -13.7811  -13.7463   -6.0838   -5.7015   -5.3344   -4.5176   -4.4994   -3.5821   -3.5445   -2.1169   -1.9028   -0.5951   -0.5612    6.0092    7.9493    9.0252    9.6074   10.1778   10.8986   10.9584   11.3686   11.5341   11.8920   11.9651
  1.2073  -13.7804  -13.7454   -6.0827   -5.7022   -5.3300   -4.5183   -4.5037   -3.5851   -3.5361   -2.1271   -1.9041   -0.5948   -0.5708    6.0236    7.9706    9.0362    9.6168   10.1562   10.9021   10.9642   11.3811   11.5325   11.8976   11.9720
  1.2134  -13.7797  -13.7445   -6.0815   -5.7030   -5.3254   -4.5189   -4.5081   -3.5881   -3.5275   -2.1376   -1.9055   -0.5946   -0.5806    6.0383    7.9924    9.0475    9.6265   10.1348   10.9056   10.9702   11.3936   11.5307   11.9034   11.9791
  1.2194  -13.7790  -13.7436   -6.0802   -5.7038   -5.3207   -4.5196   -4.5125   -3.5913   -3.5187   -2.1481   -1.9071   -0.5944   -0.5905    6.0533    8.0147    9.0591    9.6366   10.1135   10.9091   10.9763   11.4062   11.5289   11.9095   11.9864
  1.2254  -13.7782  -13.7427   -6.0790   -5.7047   -5.3159   -4.5203   -4.5170   -3.5945   -3.5096   -2.1589   -1.9088   -0.6005   -0.5943    6.0686    8.0375    9.0710    9.6471   10.0925   10.9124   10.9825   11.4188   11.5269   11.9157   11.9939
  1.2314  -13.7775  -13.7418   -6.0776   -5.7056   -5.3109   -4.5216   -4.5210   -3.5979   -3.5004   -2.1697   -1.9106   -0.6106   -0.5943    6.0840    8.0608    9.0832    9.6579   10.0716   10.9158   10.9888   11.4315   11.5248   11.9222   12.0017
  1.2374  -13.7767  -13.7408   -6.0763   -5.7065   -5.3058   -4.5262   -4.5217   -3.6014   -3.4910   -2.1807   -1.9127   -0.6207   -0.5943    6.0997    8.0845    9.0957    9.6690   10.0511   10.9190   10.9952   11.4443   11.5225   11.9288   12.0096
  1.2435  -13.7759  -13.7399   -6.0748   -5.7075   -5.3006   -4.5309   -4.5225   -3.6049   -3.4814   -2.1918   -1.9150   -0.6308   -0.5944    6.1155    8.1086    9.1084    9.6805   10.0308   10.9222   11.0017   11.4571   11.5201   11.9357   12.0178
  1.2495  -13.7751  -13.7389   -6.0734   -5.7085   -5.2952   -4.5356   -4.5232   -3.6086   -3.4717   -2.2029   -1.9174   -0.6409   -0.5946    6.1315    8.1331    9.1214    9.6924   10.0109   10.9253   11.0081   11.4700   11.5176   11.9428   12.0262
  1.2555  -13.7742  -13.7379   -6.0719   -5.7096   -5.2897   -4.5404   -4.5241   -3.6123   -3.4617   -2.2142   -1.9201   -0.6510   -0.5948    6.1477    8.1580    9.1345    9.7047    9.9914   10.9284   11.0146   11.4829   11.5149   11.9500   12.0348
  1.2615  -13.7734  -13.7369   -6.0703   -5.7107   -5.2841   -4.5452   -4.5249   -3.6162   -3.4516   -2.2255   -1.9229   -0.6610   -0.5951    6.1640    8.1831    9.1478    9.7173    9.9723   10.9313   11.0211   11.4960   11.5122   11.9575   12.0435
  1.2676  -13.7725  -13.7359   -6.0687   -5.7118   -5.2783   -4.5501   -4.5257   -3.6201   -3.4414   -2.2368   -1.9261   -0.6710   -0.5955    6.1804    8.2086    9.1612    9.7303    9.9537   10.9342   11.0276   11.5090   11.5094   11.9652   12.0525
  1.2736  -13.7716  -13.7349   -6.0670   -5.7130   -5.2724   -4.5550   -4.5266   -3.6242   -3.4309   -2.2482   -1.9294   -0.6809   -0.5960    6.1968    8.2344    9.1747    9.7437    9.9357   10.9370   11.0340   11.5065   11.5222   11.9731   12.0616
  1.2796  -13.7707  -13.7338   -6.0653   -5.7142   -5.2664   -4.5599   -4.5275   -3.6283   -3.4203   -2.2596   -1.9331   -0.6907   -0.5965    6.2134    8.2605    9.1883    9.7574    9.9183   10.9397   11.0402   11.5035   11.5355   11.9812   12.0709
  1.2856  -13.7698  -13.7328   -6.0635   -5.7155   -5.2603   -4.5648   -4.5284   -3.6325   -3.4096   -2.2710   -1.9369   -0.7004   -0.5971    6.2299    8.2867    9.2018    9.7716    9.9015   10.9422   11.0464   11.5006   11.5488   11.9895   12.0804
  1.2916  -13.7689  -13.7317   -6.0617   -5.7168   -5.2541   -4.5698   -4.5294   -3.6369   -3.3987   -2.2824   -1.9411   -0.7099   -0.5979    6.2465    8.3132    9.2151    9.7861    9.8856   10.9447   11.0523   11.4976   11.5622   11.9981   12.0901
  1.2977  -13.7679  -13.7307   -6.0598   -5.7181   -5.2477   -4.5748   -4.5304   -3.6413   -3.3877   -2.2938   -1.9456   -0.7192   -0.5987    6.2630    8.3399    9.2284    9.8010    9.8705   10.9470   11.0581   11.4948   11.5757   12.0069   12.0999
  1.3037  -13.7669  -13.7296   -6.0579   -5.7195   -5.2413   -4.5798   -4.5314   -3.6457   -3.3765   -2.3051   -1.9503   -0.7284   -0.5995    6.2796    8.3666    9.2413    9.8163    9.8564   10.9491   11.0635   11.4920   11.5894   12.0159   12.1099
  1.3097  -13.7660  -13.7285   -6.0559   -5.7210   -5.2347   -4.5849   -4.5324   -3.6503   -3.3652   -2.3164   -1.9554   -0.7373   -0.6005    6.2960    8.3936    9.2539    9.8319    9.8433   10.9512   11.0686   11.4894   11.6031   12.0251   12.1200
  1.3157  -13.7650  -13.7274   -6.0539   -5.7225   -5.2280   -4.5899   -4.5334   -3.6549   -3.3537   -2.3277   -1.9607   -0.7461   -0.6016    6.3124    8.4205    9.2659    9.8315    9.8479   10.9531   11.0734   11.4869   11.6169   12.0345   12.1302
  1.3218  -13.7640  -13.7264   -6.0518   -5.7240   -5.2213   -4.5950   -4.5345   -3.6596   -3.3421   -2.3389   -1.9664   -0.7545   -0.6027    6.3287    8.4476    9.2774    9.8210    9.8644   10.9548   11.0776   11.4848   11.6309   12.0442   12.1405
  1.3278  -13.7629  -13.7253   -6.0497   -5.7256   -5.2144   -4.6001   -4.5356   -3.6644   -3.3304   -2.3500   -1.9725   -0.7627   -0.6040    6.3449    8.4747    9.2881    9.8119    9.8812   10.9563   11.0814   11.4829   11.6449   12.0541   12.1510
  1.3338  -13.7619  -13.7242   -6.0475   -5.7273   -5.2075   -4.6052   -4.5367   -3.6692   -3.3186   -2.3611   -1.9788   -0.7707   -0.6053    6.3610    8.5018    9.2980    9.8044    9.8983   10.9577   11.0845   11.4814   11.6591   12.0643   12.1615
  1.3398  -13.7609  -13.7232   -6.0453   -5.7290   -5.2004   -4.6103   -4.5379   -3.6741   -3.3066   -2.3720   -1.9855   -0.7783   -0.6068    6.3769    8.5288    9.3068    9.7987    9.9159   10.9589   11.0870   11.4804   11.6734   12.0747   12.1722
  1.3458  -13.7598  -13.7221   -6.0430   -5.7307   -5.1933   -4.6154   -4.5390   -3.6791   -3.2946   -2.3829   -1.9925   -0.7857   -0.6083    6.3926    8.5558    9.3144    9.7948    9.9338   10.9599   11.0888   11.4799   11.6878   12.0854   12.1828
  1.3519  -13.7587  -13.7211   -6.0406   -5.7325   -5.1860   -4.6206   -4.5402   -3.6841   -3.2824   -2.3937   -1.9999   -0.7927   -0.6099    6.4082    8.5827    9.3209    9.7929    9.9521   10.9607   11.0899   11.4799   11.7024   12.0962   12.1935
  1.3579  -13.7576  -13.7200   -6.0382   -5.7344   -5.1787   -4.6257   -4.5414   -3.6891   -3.2701   -2.4043   -2.0077   -0.7994   -0.6116    6.4235    8.6095    9.3260    9.7931    9.9707   10.9614   11.0901   11.4806   11.7171   12.1074   12.2043
  1.3639  -13.7566  -13.7190   -6.0358   -5.7363   -5.1714   -4.6308   -4.5426   -3.6942   -3.2576   -2.4148   -2.0158   -0.8057   -0.6134    6.4386    8.6362    9.3297    9.7953    9.9897   10.9618   11.0894   11.4819   11.7319   12.1188   12.2150
  1.3699  -13.7555  -13.7180   -6.0333   -5.7383   -5.1639   -4.6360   -4.5439   -3.6993   -3.2451   -2.4252   -2.0242   -0.8117   -0.6154    6.4535    8.6627    9.3320    9.7996   10.0091   10.9620   11.0879   11.4839   11.7469   12.1304   12.2256
  1.3760  -13.7543  -13.7169   -6.0307   -5.7403   -5.1564   -4.6411   -4.5452   -3.7044   -3.2325   -2.4355   -2.0330   -0.8174   -0.6174    6.4681    8.6889    9.3330    9.8060   10.0287   10.9620   11.0855   11.4866   11.7620   12.1424   12.2362
  1.3820  -13.7532  -13.7159   -6.0281   -5.7424   -5.1488   -4.6463   -4.5464   -3.7096   -3.2198   -2.4456   -2.0421   -0.8226   -0.6195    6.4824    8.7149    9.3328    9.8143   10.0487   10.9618   11.0822   11.4900   11.7772   12.1545   12.2466
  1.3880  -13.7521  -13.7150   -6.0254   -5.7446   -5.1411   -4.6514   -4.5477   -3.7148   -3.2069   -2.4555   -2.0516   -0.8276   -0.6217    6.4964    8.7407    9.3314    9.8244   10.0691   10.9614   11.0780   11.4941   11.7926   12.1670   12.2569
  1.3940  -13.7510  -13.7140   -6.0227   -5.7468   -5.1334   -4.6566   -4.5491   -3.7200   -3.1940   -2.4653   -2.0614   -0.8321   -0.6240    6.5101    8.7662    9.3290    9.8362   10.0897   10.9608   11.0730   11.4989   11.8082   12.1797   12.2670
  1.4001  -13.7498  -13.7130   -6.0199   -5.7491   -5.1257   -4.6618   -4.5504   -3.7251   -3.1810   -2.4750   -2.0715   -0.8363   -0.6263    6.5235    8.7913    9.3257    9.8495   10.1106   10.9599   11.0672   11.5043   11.8239   12.1927   12.2768
  1.4061  -13.7487  -13.7121   -6.0170   -5.7514   -5.1179   -4.6669   -4.5518   -3.7303   -3.1679   -2.4845   -2.0820   -0.8401   -0.6288    6.5366    8.8161    9.3217    9.8641   10.1317   10.9589   11.0605   11.5103   11.8398   12.2059   12.2863
  1.4121  -13.7475  -13.7112   -6.0141   -5.7538   -5.1100   -4.6721   -4.5531   -3.7355   -3.1547   -2.4938   -2.0927   -0.8435   -0.6314    6.5493    8.8406    9.3171    9.8799   10.1532   10.9577   11.0532   11.5169   11.8558   12.2195   12.2953
  1.4181  -13.7464  -13.7103   -6.0112   -5.7563   -5.1021   -4.6772   -4.5545   -3.7407   -3.1414   -2.5029   -2.1038   -0.8465   -0.6341    6.5616    8.8646    9.3120    9.8968   10.1748   10.9562   11.0452   11.5239   11.8719   12.2333   12.3039
  1.4241  -13.7452  -13.7094   -6.0081   -5.7588   -5.0942   -4.6824   -4.5559   -3.7458   -3.1281   -2.5119   -2.1152   -0.8492   -0.6368    6.5736    8.8882    9.3067    9.9145   10.1966   10.9546   11.0367   11.5314   11.8882   12.2474   12.3120
  1.4302  -13.7440  -13.7086   -6.0051   -5.7613   -5.0863   -4.6875   -4.5573   -3.7509   -3.1146   -2.5207   -2.1268   -0.8515   -0.6397    6.5853    8.9113    9.3011    9.9330   10.2186   10.9528   11.0276   11.5392   11.9046   12.2618   12.3194
  1.4362  -13.7428  -13.7078   -6.0020   -5.7640   -5.0783   -4.6927   -4.5587   -3.7559   -3.1011   -2.5293   -2.1387   -0.8535   -0.6426    6.5965    8.9340    9.2954    9.9520   10.2408   10.9508   11.0181   11.5474   11.9212   12.2764   12.3260
  1.4422  -13.7417  -13.7070   -5.9988   -5.7667   -5.0703   -4.6978   -4.5601   -3.7609   -3.0875   -2.5377   -2.1509   -0.8551   -0.6457    6.6074    8.9561    9.2896    9.9716   10.2630   10.9487   11.0082   11.5557   11.9379   12.2914   12.3319
  1.4482  -13.7405  -13.7063   -5.9955   -5.7694   -5.0624   -4.7030   -4.5615   -3.7659   -3.0739   -2.5459   -2.1633   -0.8563   -0.6488    6.6178    8.9777    9.2839    9.9915   10.2854   10.9464   10.9979   11.5642   11.9548   12.3066   12.3368
  1.4543  -13.7393  -13.7056   -5.9923   -5.7723   -5.0544   -4.7081   -4.5629   -3.7708   -3.0602   -2.5540   -2.1759   -0.8572   -0.6520    6.6279    8.9987    9.2783   10.0116   10.3078   10.9440   10.9875   11.5728   11.9717   12.3221   12.3408
  1.4603  -13.7381  -13.7049   -5.9889   -5.7752   -5.0464   -4.7132   -4.5644   -3.7756   -3.0464   -2.5618   -2.1888   -0.8578   -0.6553    6.6375    9.0191    9.2729   10.0320   10.3301   10.9415   10.9768   11.5814   11.9888   12.3379   12.3438
  1.4663  -13.7369  -13.7043   -5.9855   -5.7781   -5.0384   -4.7184   -4.5658   -3.7803   -3.0326   -2.5695   -2.2018   -0.8580   -0.6587    6.6467    9.0390    9.2677   10.0524   10.3525   10.9389   10.9661   11.5899   12.0060   12.3457   12.3540
  1.4723  -13.7358  -13.7037   -5.9821   -5.7811   -5.0305   -4.7235   -4.5672   -3.7849   -3.0187   -2.5769   -2.2150   -0.8580   -0.6622    6.6556    9.0581    9.2627   10.0728   10.3747   10.9362   10.9553   11.5983   12.0232   12.3467   12.3704
  1.4783  -13.7346  -13.7031   -5.9786   -5.7842   -5.0225   -4.7286   -4.5686   -3.7895   -3.0048   -2.5842   -2.2284   -0.8576   -0.6657    6.6640    9.0766    9.2580   10.0930   10.3968   10.9334   10.9446   11.6065   12.0406   12.3467   12.3871
  1.4844  -13.7334  -13.7026   -5.9751   -5.7873   -5.0146   -4.7337   -4.5700   -3.7939   -2.9908   -2.5913   -2.2418   -0.8569   -0.6693    6.6720    9.0944    9.2536   10.1131   10.4187   10.9306   10.9339   11.6145   12.0580   12.3459   12.4041
  1.4904  -13.7322  -13.7021   -5.9715   -5.7906   -5.0067   -4.7388   -4.5714   -3.7982   -2.9768   -2.5981   -2.2554   -0.8559   -0.6731    6.6796    9.1115    9.2495   10.1329   10.4403   10.9234   10.9278   11.6221   12.0754   12.3444   12.4213
  1.4964  -13.7310  -13.7017   -5.9678   -5.7938   -4.9989   -4.7439   -4.5727   -3.8024   -2.9628   -2.6048   -2.2691   -0.8546   -0.6769    6.6867    9.1279    9.2458   10.1524   10.4616   10.9132   10.9250   11.6293   12.0929   12.3423   12.4389
  1.5024  -13.7298  -13.7013   -5.9642   -5.7971   -4.9912   -4.7490   -4.5741   -3.8065   -2.9487   -2.6113   -2.2829   -0.8531   -0.6807    6.6935    9.1434    9.2425   10.1714   10.4825   10.9033   10.9222   11.6361   12.1104   12.3399   12.4567
  1.5085  -13.7287  -13.7009   -5.9604   -5.8005   -4.9835   -4.7541   -4.5754   -3.8105   -2.9347   -2.6176   -2.2967   -0.8513   -0.6847    6.6999    9.1582    9.2395   10.1899   10.5030   10.8937   10.9194   11.6423   12.1278   12.3374   12.4748
  1.5145  -13.7275  -13.7006   -5.9567   -5.8040   -4.9758   -4.7592   -4.5767   -3.8143   -2.9206   -2.6237   -2.3106   -0.8493   -0.6887    6.7059    9.1722    9.2370   10.2078   10.5229   10.8846   10.9167   11.6480   12.1452   12.3348   12.4931
  1.5205  -13.7263  -13.7004   -5.9528   -5.8074   -4.9682   -4.7643   -4.5779   -3.8179   -2.9065   -2.6296   -2.3244   -0.8470   -0.6928    6.7114    9.1853    9.2348   10.2251   10.5421   10.8761   10.9141   11.6531   12.1625   12.3325   12.5117
  1.5265  -13.7252  -13.7002   -5.9490   -5.8110   -4.9608   -4.7693   -4.5791   -3.8214   -2.8925   -2.6352   -2.3383   -0.8445   -0.6969    6.7166    9.1975    9.2330   10.2416   10.5605   10.8682   10.9115   11.6576   12.1797   12.3305   12.5306
  1.5325  -13.7240  -13.7001   -5.9451   -5.8146   -4.9534   -4.7744   -4.5803   -3.8247   -2.8785   -2.6407   -2.3520   -0.8417   -0.7012    6.7214    9.2089    9.2317   10.2574   10.5781   10.8611   10.9091   11.6615   12.1967   12.3289   12.5497
  1.5386  -13.7229  -13.7000   -5.9411   -5.8183   -4.9461   -4.7795   -4.5815   -3.8279   -2.8645   -2.6460   -2.3657   -0.8388   -0.7054    6.7259    9.2194    9.2307   10.2723   10.5947   10.8548   10.9068   11.6647   12.2134   12.3280   12.5690
  1.5446  -13.7217  -13.7000   -5.9371   -5.8220   -4.9389   -4.7845   -4.5826   -3.8309   -2.8506   -2.6511   -2.3793   -0.8357   -0.7098    6.7299    9.2289    9.2302   10.2863   10.6102   10.8494   10.9046   11.6674   12.2299   12.3276   12.5886
  1.5506  -13.7206  -13.7000   -5.9331   -5.8258   -4.9318   -4.7895   -4.5836   -3.8337   -2.8368   -2.6560   -2.3927   -0.8323   -0.7142    6.7336    9.2301    9.2375   10.2994   10.6245   10.8451   10.9025   11.6695   12.2461   12.3280   12.6083
  1.5566  -13.7194  -13.7001   -5.9291   -5.8296   -4.9249   -4.7946   -4.5846   -3.8363   -2.8232   -2.6607   -2.4059   -0.8288   -0.7187    6.7370    9.2303    9.2451   10.3115   10.6373   10.8419   10.9005   11.6710   12.2618   12.3291   12.6282
  1.5627  -13.7183  -13.7003   -5.9250   -5.8334   -4.9181   -4.7996   -4.5855   -3.8387   -2.8097   -2.6653   -2.4189   -0.8251   -0.7232    6.7400    9.2310    9.2518   10.3226   10.6487   10.8399   10.8986   11.6721   12.2770   12.3308   12.6482
  1.5687  -13.7172  -13.7005   -5.9209   -5.8374   -4.9114   -4.8046   -4.5864   -3.8410   -2.7964   -2.6696   -2.4316   -0.8213   -0.7278    6.7427    9.2320    9.2575   10.3327   10.6586   10.8392   10.8968   11.6727   12.2916   12.3332   12.6683
  1.5747  -13.7161  -13.7008   -5.9167   -5.8413   -4.9049   -4.8096   -4.5871   -3.8430   -2.7834   -2.6737   -2.4438   -0.8173   -0.7324    6.7451    9.2334    9.2622   10.3417   10.6669   10.8397   10.8950   11.6731   12.3054   12.3361   12.6884
  1.5807  -13.7150  -13.7012   -5.9126   -5.8453   -4.8985   -4.8145   -4.5879   -3.8449   -2.7708   -2.6776   -2.4556   -0.8132   -0.7371    6.7472    9.2352    9.2660   10.3497   10.6736   10.8413   10.8932   11.6731   12.3185   12.3396   12.7085
  1.5867  -13.7139  -13.7016   -5.9084   -5.8494   -4.8923   -4.8195   -4.5885   -3.8465   -2.7586   -2.6814   -2.4668   -0.8089   -0.7419    6.7490    9.2373    9.2687   10.3566   10.6790   10.8439   10.8914   11.6730   12.3305   12.3434   12.7284
  1.5928  -13.7128  -13.7021   -5.9042   -5.8534   -4.8862   -4.8245   -4.5891   -3.8479   -2.7471   -2.6849   -2.4773   -0.8045   -0.7466    6.7505    9.2398    9.2704   10.3625   10.6831   10.8473   10.8895   11.6728   12.3413   12.3475   12.7480
  1.5988  -13.7118  -13.7027   -5.8999   -5.8576   -4.8804   -4.8294   -4.5896   -3.8491   -2.7363   -2.6883   -2.4868   -0.8000   -0.7515    6.7518    9.2426    9.2712   10.3674   10.6862   10.8513   10.8874   11.6725   12.3508   12.3517   12.7670
  1.6048  -13.7107  -13.7033   -5.8957   -5.8617   -4.8747   -4.8343   -4.5900   -3.8501   -2.7264   -2.6914   -2.4952   -0.7954   -0.7563    6.7528    9.2457    9.2710   10.3714   10.6885   10.8555   10.8851   11.6722   12.3560   12.3587   12.7851
  1.6108  -13.7097  -13.7040   -5.8914   -5.8659   -4.8692   -4.8392   -4.5903   -3.8508   -2.7178   -2.6944   -2.5022   -0.7907   -0.7612    6.7535    9.2491    9.2699   10.3743   10.6900   10.8600   10.8826   11.6719   12.3600   12.3648   12.8015
  1.6169  -13.7087  -13.7048   -5.8872   -5.8701   -4.8639   -4.8441   -4.5905   -3.8514   -2.7107   -2.6971   -2.5075   -0.7859   -0.7661    6.7540    9.2528    9.2678   10.3764   10.6910   10.8644   10.8797   11.6717   12.3638   12.3688   12.8152
  1.6229  -13.7077  -13.7057   -5.8829   -5.8744   -4.8587   -4.8490   -4.5906   -3.8517   -2.7054   -2.6997   -2.5109   -0.7810   -0.7711    6.7543    9.2567    9.2648   10.3776   10.6916   10.8687   10.8764   11.6716   12.3670   12.3705   12.8246
  1.6289  -13.7067  -13.7067   -5.8786   -5.8786   -4.8538   -4.8538   -4.5907   -3.8518   -2.7021   -2.7021   -2.5121   -0.7761   -0.7761    6.7544    9.2609    9.2609   10.3780   10.6917   10.8727   10.8727   11.6716   12.3696   12.3696   12.8279
  1.6289  -13.7067  -13.7067   -5.8786   -5.8786   -4.8538   -4.8538   -4.5907   -3.8518   -2.7021   -2.7021   -2.5121   -0.7761   -0.7761    6.7544    9.2609    9.2609   10.3780   10.6917   10.8727   10.8727   11.6716   12.3696   12.3696   12.8279
  1.6409  -13.7088  -13.7047   -5.8872   -5.8701   -4.8634   -4.8446   -4.5905   -3.8514   -2.7062   -2.7017   -2.5074   -0.7861   -0.7660    6.7541    9.2506    9.2700   10.3765   10.6911   10.8638   10.8801   11.6716   12.3595   12.3722   12.8170
  1.6530  -13.7113  -13.7028   -5.8959   -5.8616   -4.8729   -4.8361   -4.5900   -3.8501   -2.7096   -2.7089   -2.4944   -0.7962   -0.7556    6.7530    9.2370    9.2799   10.3722   10.6889   10.8527   10.8865   11.6716   12.3373   12.3702   12.7949
  1.6650  -13.7141  -13.7010   -5.9046   -5.8531   -4.8823   -4.8284   -4.5891   -3.8479   -2.7213   -2.7122   -2.4751   -0.8063   -0.7452    6.7514    9.2205    9.2904   10.3654   10.6850   10.8392   10.8924   11.6708   12.3035   12.3628   12.7713
  1.6771  -13.7172  -13.6992   -5.9133   -5.8448   -4.8915   -4.8215   -4.5879   -3.8449   -2.7368   -2.7140   -2.4516   -0.8165   -0.7346    6.7494    9.2013    9.3013   10.3563   10.6790   10.8234   10.8981   11.6686   12.2596   12.3497   12.7478
  1.6891  -13.7207  -13.6976   -5.9220   -5.8366   -4.9005   -4.8153   -4.5865   -3.8411   -2.7539   -2.7150   -2.4256   -0.8266   -0.7239    6.7469    9.1797    9.3126   10.3449   10.6706   10.8055   10.9041   11.6640   12.2075   12.3314   12.7235
  1.7012  -13.7246  -13.6960   -5.9307   -5.8285   -4.9094   -4.8098   -4.5849   -3.8366   -2.7714   -2.7152   -2.3979   -0.8367   -0.7133    6.7442    9.1561    9.3239   10.3312   10.6596   10.7859   10.9107   11.6560   12.1489   12.3092   12.6973
  1.7132  -13.7289  -13.6945   -5.9393   -5.8207   -4.9180   -4.8049   -4.5831   -3.8313   -2.7890   -2.7146   -2.3691   -0.8467   -0.7027    6.7413    9.1307    9.3351   10.3152   10.6460   10.7652   10.9178   11.6437   12.0856   12.2845   12.6686
  1.7253  -13.7335  -13.6930   -5.9479   -5.8132   -4.9263   -4.8006   -4.5811   -3.8254   -2.8060   -2.7131   -2.3395   -0.8566   -0.6922    6.7382    9.1037    9.3461   10.2966   10.6303   10.7440   10.9250   11.6264   12.0186   12.2593   12.6375
  1.7373  -13.7385  -13.6917   -5.9564   -5.8059   -4.9344   -4.7968   -4.5792   -3.8188   -2.8224   -2.7108   -2.3093   -0.8664   -0.6818    6.7351    9.0754    9.3565   10.2752   10.6125   10.7233   10.9321   11.6032   11.9489   12.2350   12.6041
  1.7494  -13.7439  -13.6904   -5.9647   -5.7990   -4.9421   -4.7934   -4.5772   -3.8117   -2.8378   -2.7077   -2.2788   -0.8760   -0.6716    6.7320    9.0461    9.3662   10.2507   10.5932   10.7038   10.9385   11.5741   11.8772   12.2130   12.5688
  1.7614  -13.7496  -13.6893   -5.9729   -5.7925   -4.9495   -4.7903   -4.5753   -3.8041   -2.8522   -2.7037   -2.2480   -0.8854   -0.6615    6.7289    9.0160    9.3750   10.2231   10.5726   10.6862   10.9437   11.5390   11.8040   12.1938   12.5320
  1.7734  -13.7558  -13.6882   -5.9810   -5.7865   -4.9564   -4.7876   -4.5735   -3.7961   -2.8654   -2.6989   -2.2170   -0.8946   -0.6517    6.7261    8.9852    9.3826   10.1921   10.5512   10.6711   10.9470   11.4985   11.7298   12.1778   12.4939
  1.7855  -13.7624  -13.6872   -5.9889   -5.7810   -4.9629   -4.7851   -4.5718   -3.7877   -2.8773   -2.6932   -2.1859   -0.9035   -0.6422    6.7234    8.9540    9.3887   10.1581   10.5292   10.6590   10.9481   11.4533   11.6551   12.1646   12.4548
  1.7975  -13.7693  -13.6864   -5.9966   -5.7761   -4.9689   -4.7828   -4.5703   -3.7791   -2.8880   -2.6867   -2.1547   -0.9121   -0.6330    6.7209    8.9224    9.3930   10.1214   10.5068   10.6499   10.9463   11.4042   11.5801   12.1539   12.4148
  1.8096  -13.7767  -13.6856   -6.0041   -5.7717   -4.9743   -4.7806   -4.5690   -3.7702   -2.8972   -2.6793   -2.1234   -0.9203   -0.6242    6.7187    8.8906    9.3952   10.0825   10.4843   10.6437   10.9413   11.3520   11.5054   12.1450   12.3743
  1.8216  -13.7844  -13.6850   -6.0113   -5.7680   -4.9792   -4.7785   -4.5679   -3.7610   -2.9051   -2.6711   -2.0921   -0.9282   -0.6156    6.7169    8.8587    9.3948   10.0423   10.4619   10.6402   10.9327   11.2977   11.4311   12.1371   12.3333
  1.8337  -13.7926  -13.6844   -6.0184   -5.7650   -4.9835   -4.7766   -4.5669   -3.7518   -2.9115   -2.6620   -2.0609   -0.9356   -0.6075    6.7154    8.8268    9.3914   10.0015   10.4397   10.6390   10.9201   11.2421   11.3579   12.1293   12.2920
  1.8457  -13.8011  -13.6840   -6.0252   -5.7627   -4.9871   -4.7746   -4.5662   -3.7425   -2.9164   -2.6520   -2.0297   -0.9426   -0.5998    6.7143    8.7950    9.3844    9.9611   10.4177   10.6393   10.9034   11.1858   11.2862   12.1206   12.2507
  1.8578  -13.8100  -13.6837   -6.0317   -5.7612   -4.9901   -4.7728   -4.5658   -3.7331   -2.9198   -2.6413   -1.9986   -0.9491   -0.5925    6.7136    8.7634    9.3732    9.9222   10.3962   10.6405   10.8824   11.1295   11.2166   12.1101   12.2094
  1.8698  -13.8193  -13.6835   -6.0381   -5.7605   -4.9923   -4.7710   -4.5655   -3.7237   -2.9216   -2.6297   -1.9676   -0.9551   -0.5857    6.7134    8.7321    9.3573    9.8855   10.3751   10.6414   10.8571   11.0738   11.1501   12.0968   12.1683
  1.8818  -13.8290  -13.6834   -6.0441   -5.7606   -4.9938   -4.7692   -4.5655   -3.7143   -2.9219   -2.6174   -1.9367   -0.9605   -0.5794    6.7136    8.7010    9.3360    9.8521   10.3543   10.6403   10.8274   11.0191   11.0881   12.0798   12.1278
  1.8939  -13.8391  -13.6834   -6.0499   -5.7615   -4.9946   -4.7674   -4.5657   -3.7049   -2.9206   -2.6043   -1.9060   -0.9654   -0.5735    6.7143    8.6702    9.3092    9.8224   10.3340   10.6353   10.7937   10.9658   11.0325   12.0587   12.0881
  1.9059  -13.8495  -13.6836   -6.0554   -5.7632   -4.9947   -4.7657   -4.5661   -3.6955   -2.9178   -2.5906   -1.8754   -0.9696   -0.5682    6.7155    8.6397    9.2767    9.7968   10.3140   10.6235   10.7562   10.9141   10.9856   12.0331   12.0493
  1.9180  -13.8603  -13.6838   -6.0607   -5.7657   -4.9941   -4.7640   -4.5667   -3.6861   -2.9133   -2.5761   -1.8450   -0.9732   -0.5633    6.7172    8.6096    9.2388    9.7751   10.2941   10.6024   10.7159   10.8637   10.9500   12.0032   12.0119
  1.9300  -13.8715  -13.6842   -6.0657   -5.7690   -4.9927   -4.7624   -4.5675   -3.6768   -2.9073   -2.5610   -1.8149   -0.9761   -0.5591    6.7194    8.5799    9.1961    9.7569   10.2742   10.5707   10.6736   10.8145   10.9266   11.9693   11.9762
  1.9421  -13.8830  -13.6847   -6.0704   -5.7731   -4.9906   -4.7608   -4.5685   -3.6675   -2.8997   -2.5453   -1.7849   -0.9782   -0.5553    6.7221    8.5506    9.1493    9.7416   10.2539   10.5293   10.6304   10.7660   10.9142   11.9318   11.9425
  1.9541  -13.8948  -13.6853   -6.0750   -5.7779   -4.9879   -4.7594   -4.5696   -3.6581   -2.8905   -2.5291   -1.7552   -0.9797   -0.5521    6.7253    8.5216    9.0991    9.7286   10.2329   10.4807   10.5876   10.7178   10.9099   11.8913   11.9111
  1.9662  -13.9069  -13.6860   -6.0792   -5.7835   -4.9845   -4.7580   -4.5709   -3.6488   -2.8797   -2.5123   -1.7257   -0.9803   -0.5495    6.7290    8.4930    9.0462    9.7171   10.2106   10.4278   10.5463   10.6696   10.9110   11.8485   11.8826
  1.9782  -13.9194  -13.6868   -6.0833   -5.7897   -4.9805   -4.7569   -4.5723   -3.6393   -2.8674   -2.4951   -1.6965   -0.9802   -0.5474    6.7332    8.4647    8.9912    9.7063   10.1864   10.3726   10.5075   10.6213   10.9149   11.8039   11.8573
  1.9902  -13.9321  -13.6877   -6.0871   -5.7965   -4.9759   -4.7559   -4.5737   -3.6298   -2.8535   -2.4775   -1.6676   -0.9793   -0.5459    6.7379    8.4367    8.9346    9.6956   10.1597   10.3169   10.4723   10.5729   10.9198   11.7580   11.8356
  2.0023  -13.9452  -13.6888   -6.0907   -5.8039   -4.9709   -4.7551   -4.5753   -3.6202   -2.8381   -2.4594   -1.6390   -0.9775   -0.5450    6.7430    8.4091    8.8768    9.6843   10.1301   10.2619   10.4412   10.5244   10.9247   11.7112   11.8179
  2.0143  -13.9585  -13.6900   -6.0941   -5.8118   -4.9653   -4.7546   -4.5769   -3.6105   -2.8211   -2.4411   -1.6107   -0.9749   -0.5446    6.7486    8.3817    8.8183    9.6715   10.0973   10.2086   10.4143   10.4763   10.9284   11.6639   11.8046
  2.0264  -13.9721  -13.6912   -6.0973   -5.8202   -4.9593   -4.7544   -4.5785   -3.6005   -2.8026   -2.4224   -1.5828   -0.9714   -0.5448    6.7546    8.3545    8.7592    9.6565   10.0614   10.1579   10.3897   10.4306   10.9306   11.6165   11.7957
  2.0384  -13.9859  -13.6926   -6.1003   -5.8291   -4.9529   -4.7546   -4.5801   -3.5904   -2.7827   -2.4034   -1.5552   -0.9671   -0.5455    6.7610    8.3276    8.6999    9.6385   10.0226   10.1106   10.3598   10.3949   10.9308   11.5691   11.7914
  2.0505  -14.0000  -13.6941   -6.1031   -5.8382   -4.9461   -4.7551   -4.5817   -3.5800   -2.7612   -2.3843   -1.5280   -0.9619   -0.5468    6.7677    8.3008    8.6406    9.6167    9.9815   10.0674   10.3173   10.3759   10.9289   11.5221   11.7915
  2.0625  -14.0142  -13.6957   -6.1058   -5.8477   -4.9391   -4.7561   -4.5833   -3.5693   -2.7384   -2.3649   -1.5012   -0.9559   -0.5486    6.7747    8.2741    8.5815    9.5906    9.9385   10.0288   10.2703   10.3654   10.9252   11.4757   11.7957
  2.0746  -14.0287  -13.6974   -6.1084   -5.8575   -4.9317   -4.7575   -4.5847   -3.5584   -2.7141   -2.3453   -1.4748   -0.9490   -0.5510    6.7819    8.2475    8.5226    9.5598    9.8939    9.9950   10.2225   10.3594   10.9199   11.4301   11.8036
  2.0866  -14.0434  -13.6992   -6.1108   -5.8675   -4.9241   -4.7594   -4.5861   -3.5471   -2.6884   -2.3255   -1.4488   -0.9412   -0.5538    6.7893    8.2210    8.4643    9.5246    9.8482    9.9657   10.1749   10.3565   10.9133   11.3854   11.8145
  2.0987  -14.0583  -13.7011   -6.1131   -5.8777   -4.9164   -4.7618   -4.5873   -3.5355   -2.6614   -2.3056   -1.4232   -0.9326   -0.5571    6.7968    8.1945    8.4065    9.4854    9.8014    9.9403   10.1280   10.3563   10.9060   11.3417   11.8277
  2.1107  -14.0733  -13.7031   -6.1153   -5.8880   -4.9084   -4.7648   -4.5884   -3.5235   -2.6331   -2.2855   -1.3982   -0.9232   -0.5609    6.8043    8.1680    8.3496    9.4427    9.7537    9.9180   10.0820   10.3583   10.8985   11.2993   11.8424
  2.1227  -14.0884  -13.7052   -6.1174   -5.8984   -4.9004   -4.7683   -4.5893   -3.5112   -2.6034   -2.2653   -1.3736   -0.9130   -0.5652    6.8117    8.1414    8.2935    9.3974    9.7052    9.8979   10.0372   10.3622   10.8914   11.2582   11.8576
  2.1348  -14.1037  -13.7073   -6.1194   -5.9088   -4.8922   -4.7724   -4.5902   -3.4986   -2.5725   -2.2449   -1.3494   -0.9020   -0.5699    6.8189    8.1147    8.2385    9.3501    9.6558    9.8792    9.9938   10.3678   10.8850   11.2187   11.8721
  2.1468  -14.1190  -13.7096   -6.1214   -5.9193   -4.8839   -4.7770   -4.5908   -3.4855   -2.5404   -2.2243   -1.3258   -0.8903   -0.5749    6.8256    8.0880    8.1848    9.3015    9.6056    9.8613    9.9519   10.3749   10.8798   11.1807   11.8848
  2.1589  -14.1345  -13.7119   -6.1232   -5.9297   -4.8756   -4.7822   -4.5913   -3.4721   -2.5072   -2.2035   -1.3028   -0.8779   -0.5804    6.8318    8.0611    8.1324    9.2521    9.5545    9.8434    9.9116   10.3834   10.8761   11.1445   11.8943
  2.1709  -14.1500  -13.7143   -6.1251   -5.9401   -4.8673   -4.7879   -4.5917   -3.4584   -2.4728   -2.1825   -1.2803   -0.8648   -0.5862    6.8372    8.0341    8.0816    9.2022    9.5026    9.8252    9.8730   10.3930   10.8742   11.1101   11.8996
  2.1830  -14.1656  -13.7168   -6.1268   -5.9505   -4.8589   -4.7942   -4.5920   -3.4443   -2.4373   -2.1613   -1.2583   -0.8511   -0.5922    6.8417    8.0069    8.0326    9.1524    9.4497    9.8064    9.8362   10.4035   10.8742   11.0777   11.8996
  2.1950  -14.1812  -13.7193   -6.1286   -5.9607   -4.8506   -4.8009   -4.5922   -3.4300   -2.4007   -2.1398   -1.2370   -0.8368   -0.5986    6.8449    7.9795    7.9857    9.1027    9.3961    9.7867    9.8010   10.4149   10.8763   11.0474   11.8940
  2.2071  -14.1969  -13.7219   -6.1303   -5.9709   -4.8422   -4.8081   -4.5923   -3.4153   -2.3632   -2.1180   -1.2162   -0.8220   -0.6051    6.8465    7.9409    7.9520    9.0535    9.3416    9.7661    9.7674   10.4270   10.8805   11.0192   11.8828
  2.2191  -14.2125  -13.7246   -6.1320   -5.9809   -4.8339   -4.8158   -4.5923   -3.4005   -2.3247   -2.0958   -1.1962   -0.8066   -0.6118    6.8464    7.8987    7.9244    9.0049    9.2864    9.7354    9.7444   10.4395   10.8866   10.9934   11.8668
  2.2311  -14.2282  -13.7273   -6.1337   -5.9907   -4.8257   -4.8238   -4.5922   -3.3854   -2.2853   -2.0733   -1.1768   -0.7909   -0.6187    6.8441    7.8593    7.8966    8.9571    9.2305    9.7048    9.7219   10.4524   10.8946   10.9699   11.8470
  2.2432  -14.2438  -13.7301   -6.1354   -6.0004   -4.8323   -4.8175   -4.5921   -3.3701   -2.2451   -2.0504   -1.1581   -0.7747   -0.6255    6.8394    7.8228    7.8687    8.9102    9.1740    9.6755    9.6985   10.4653   10.9041   10.9490   11.8245
  2.2552  -14.2594  -13.7329   -6.1371   -6.0098   -4.8411   -4.8094   -4.5920   -3.3547   -2.2041   -2.0270   -1.1401   -0.7583   -0.6324    6.8318    7.7896    7.8406    8.8643    9.1169    9.6475    9.6744   10.4781   10.9150   10.9306   11.8004
  2.2673  -14.2749  -13.7358   -6.1387   -6.0191   -4.8502   -4.8014   -4.5919   -3.3393   -2.1623   -2.0031   -1.1230   -0.7415   -0.6392    6.8213    7.7597    7.8125    8.8196    9.0593    9.6205    9.6498   10.4906   10.9149   10.9269   11.7756
  2.2793  -14.2903  -13.7387   -6.1404   -6.0282   -4.8596   -4.7934   -4.5917   -3.3238   -2.1198   -1.9787   -1.1067   -0.7245   -0.6458    6.8074    7.7334    7.7843    8.7762    9.0013    9.5944    9.6247   10.5026   10.9018   10.9394   11.7510
  2.2914  -14.3056  -13.7416   -6.1421   -6.0370   -4.8692   -4.7856   -4.5916   -3.3083   -2.0768   -1.9537   -1.0913   -0.7073   -0.6522    6.7902    7.7106    7.7560    8.7342    8.9429    9.5691    9.5995   10.5138   10.8915   10.9520   11.7273
  2.3034  -14.3209  -13.7446   -6.1438   -6.0456   -4.8790   -4.7779   -4.5914   -3.2929   -2.0332   -1.9282   -1.0768   -0.6900   -0.6583    6.7696    7.6911    7.7278    8.6937    8.8841    9.5446    9.5743   10.5240   10.8839   10.9643   11.7053
  2.3155  -14.3360  -13.7476   -6.1456   -6.0540   -4.8891   -4.7702   -4.5913   -3.2776   -1.9891   -1.9020   -1.0634   -0.6726   -0.6639    6.7455    7.6749    7.6995    8.6548    8.8252    9.5207    9.5494   10.5329   10.8790   10.9755   11.6857
  2.3275  -14.3510  -13.7506   -6.1473   -6.0621   -4.8993   -4.7627   -4.5912   -3.2624   -1.9446   -1.8752   -1.0510   -0.6689   -0.6552    6.7183    7.6616    7.6712    8.6176    8.7660    9.4972    9.5248   10.5404   10.8768   10.9853   11.6690
  2.3395  -14.3658  -13.7536   -6.1491   -6.0700   -4.9096   -4.7553   -4.5911   -3.2474   -1.8997   -1.8478   -1.0398   -0.6733   -0.6379    6.6880    7.6430    7.6508    8.5823    8.7067    9.4743    9.5010   10.5462   10.8772   10.9928   11.6560
  2.3516  -14.3804  -13.7566   -6.1508   -6.0776   -4.9200   -4.7481   -4.5910   -3.2327   -1.8546   -1.8197   -1.0298   -0.6769   -0.6206    6.6549    7.6149    7.6421    8.5488    8.6473    9.4517    9.4779   10.5501   10.8801   10.9977   11.6470
  2.3636  -14.3949  -13.7596   -6.1526   -6.0849   -4.9305   -4.7410   -4.5910   -3.2182   -1.8093   -1.7909   -1.0211   -0.6796   -0.6034    6.6194    7.5869    7.6349    8.5174    8.5878    9.4294    9.4560   10.5518   10.8856   10.9994   11.6426
  2.3757  -14.4091  -13.7627   -6.1544   -6.0920   -4.9410   -4.7340   -4.5910   -3.2041   -1.7639   -1.7614   -1.0137   -0.6814   -0.5863    6.5817    7.5591    7.6289    8.4881    8.5284    9.4074    9.4353   10.5513   10.8935   10.9977   11.6430
  2.3877  -14.4232  -13.7657   -6.1562   -6.0988   -4.9516   -4.7271   -4.5910   -3.1903   -1.7313   -1.7186   -1.0077   -0.6820   -0.5695    6.5422    7.5314    7.6235    8.4609    8.4691    9.3857    9.4161   10.5482   10.9038   10.9924   11.6481
  2.3998  -14.4370  -13.7687   -6.1581   -6.1054   -4.9621   -4.7204   -4.5910   -3.1769   -1.7005   -1.6733   -1.0029   -0.6816   -0.5529    6.5010    7.5038    7.6182    8.4100    8.4359    9.3643    9.3987   10.5425   10.9164   10.9838   11.6577
  2.4118  -14.4506  -13.7717   -6.1599   -6.1117   -4.9726   -4.7139   -4.5911   -3.1638   -1.6690   -1.6283   -0.9995   -0.6799   -0.5366    6.4586    7.4765    7.6128    8.3511    8.4131    9.3431    9.3831   10.5341   10.9312   10.9719   11.6716
  2.4239  -14.4639  -13.7746   -6.1617   -6.1178   -4.9830   -4.7074   -4.5912   -3.1512   -1.6370   -1.5837   -0.9973   -0.6771   -0.5206    6.4151    7.4493    7.6068    8.2925    8.3924    9.3221    9.3697   10.5230   10.9483   10.9573   11.6891
  2.4359  -14.4770  -13.7776   -6.1636   -6.1236   -4.9934   -4.7012   -4.5913   -3.1391   -1.6044   -1.5396   -0.9962   -0.6731   -0.5049    6.3708    7.4224    7.6001    8.2344    8.3738    9.3015    9.3586   10.5091   10.9403   10.9676   11.7099
  2.4480  -14.4898  -13.7805   -6.1654   -6.1291   -5.0036   -4.6951   -4.5914   -3.1274   -1.5713   -1.4961   -0.9960   -0.6680   -0.4897    6.3259    7.3956    7.5924    8.1767    8.3571    9.2811    9.3500   10.4927   10.9213   10.9888   11.7333
  2.4600  -14.5023  -13.7833   -6.1672   -6.1344   -5.0137   -4.6892   -4.5916   -3.1161   -1.5378   -1.4536   -0.9966   -0.6618   -0.4749    6.2805    7.3691    7.5836    8.1197    8.3421    9.2610    9.3441   10.4738   10.9008   11.0120   11.7589
  2.4720  -14.5145  -13.7861   -6.1691   -6.1395   -5.0237   -4.6834   -4.5918   -3.1054   -1.5038   -1.4120   -0.9977   -0.6546   -0.4605    6.2348    7.3427    7.5738    8.0634    8.3286    9.2412    9.3409   10.4528   10.8791   11.0371   11.7861
  2.4841  -14.5264  -13.7889   -6.1709   -6.1443   -5.0335   -4.6778   -4.5920   -3.0951   -1.4694   -1.3718   -0.9991   -0.6464   -0.4466    6.1891    7.3166    7.5629    8.0079    8.3164    9.2218    9.3406   10.4299   10.8565   11.0637   11.8147
  2.4961  -14.5379  -13.7916   -6.1727   -6.1489   -5.0431   -4.6723   -4.5922   -3.0852   -1.4348   -1.3333   -1.0004   -0.6373   -0.4332    6.1434    7.2906    7.5509    7.9534    8.3053    9.2028    9.3433   10.4054   10.8333   11.0919   11.8441
  2.5082  -14.5492  -13.7943   -6.1745   -6.1532   -5.0525   -4.6671   -4.5924   -3.0759   -1.4000   -1.2969   -1.0012   -0.6273   -0.4203    6.0978    7.2648    7.5381    7.9000    8.2950    9.1842    9.3490   10.3796   10.8096   11.1214   11.8740
  2.5202  -14.5601  -13.7969   -6.1762   -6.1573   -5.0617   -4.6620   -4.5927   -3.0670   -1.3651   -1.2631   -1.0011   -0.6165   -0.4080    6.0526    7.2391    7.5246    7.8478    8.2852    9.1660    9.3576   10.3529   10.7857   11.1520   11.9043
  2.5323  -14.5706  -13.7995   -6.1780   -6.1612   -5.0707   -4.6570   -4.5929   -3.0586   -1.3301   -1.2325   -0.9995   -0.6049   -0.3963    6.0078    7.2135    7.5104    7.7971    8.2759    9.1483    9.3691   10.3255   10.7617   11.1835   11.9345
  2.5443  -14.5808  -13.8019   -6.1797   -6.1649   -5.0794   -4.6523   -4.5932   -3.0506   -1.2951   -1.2058   -0.9957   -0.5924   -0.3852    5.9636    7.1879    7.4958    7.7480    8.2668    9.1311    9.3834   10.2978   10.7377   11.2157   11.9645
  2.5564  -14.5906  -13.8043   -6.1814   -6.1684   -5.0878   -4.6477   -4.5934   -3.0431   -1.2604   -1.1839   -0.9889   -0.5791   -0.3747    5.9200    7.1624    7.4809    7.7006    8.2579    9.1144    9.4004   10.2699   10.7138   11.2484   11.9941
  2.5684  -14.6001  -13.8066   -6.1830   -6.1716   -5.0960   -4.6433   -4.5937   -3.0361   -1.2258   -1.1671   -0.9789   -0.5651   -0.3648    5.8773    7.1369    7.4658    7.6551    8.2491    9.0983    9.4198   10.2421   10.6901   11.2812   12.0229
  2.5804  -14.6091  -13.8089   -6.1846   -6.1747   -5.1038   -4.6392   -4.5940   -3.0294   -1.1917   -1.1554   -0.9658   -0.5502   -0.3555    5.8355    7.1114    7.4508    7.6116    8.2403    9.0828    9.4415   10.2147   10.6666   11.3140   11.9858
  2.5925  -14.6178  -13.8110   -6.1861   -6.1776   -5.1114   -4.6352   -4.5942   -3.0232   -1.1580   -1.1481   -0.9502   -0.5346   -0.3470    5.7947    7.0858    7.4359    7.5704    8.2315    9.0678    9.4652   10.1878   10.6434   11.3464   11.9875
  2.6045  -14.6261  -13.8131   -6.1876   -6.1803   -5.1186   -4.6313   -4.5945   -3.0173   -1.1443   -1.1248   -0.9332   -0.5183   -0.3390    5.7552    7.0603    7.4212    7.5314    8.2227    9.0535    9.4906   10.1616   10.6205   11.3781   11.9923
  2.6166  -14.6339  -13.8151   -6.1890   -6.1828   -5.1255   -4.6277   -4.5948   -3.0119   -1.1431   -1.0924   -0.9156   -0.5014   -0.3318    5.7169    7.0348    7.4069    7.4949    8.2140    9.0399    9.5176   10.1362   10.5979   11.4088   11.9980
  2.6286  -14.6414  -13.8170   -6.1904   -6.1851   -5.1321   -4.6243   -4.5950   -3.0069   -1.1435   -1.0608   -0.8982   -0.4840   -0.3252    5.6800    7.0095    7.3930    7.4609    8.2055    9.0269    9.5459   10.1118   10.5758   11.4382   12.0050
  2.6407  -14.6484  -13.8187   -6.1917   -6.1872   -5.1383   -4.6211   -4.5953   -3.0022   -1.1452   -1.0301   -0.8816   -0.4662   -0.3192    5.6446    6.9843    7.3796    7.4293    8.1970    9.0146    9.5750   10.0885   10.5540   11.4661   12.0130
  2.6527  -14.6550  -13.8204   -6.1930   -6.1892   -5.1442   -4.6180   -4.5955   -2.9979   -1.1475   -1.0004   -0.8659   -0.4483   -0.3140    5.6109    6.9595    7.3669    7.4003    8.1888    9.0031    9.6049   10.0663   10.5327   11.4922   12.0223
  2.6648  -14.6611  -13.8220   -6.1942   -6.1910   -5.1496   -4.6152   -4.5957   -2.9939   -1.1504   -0.9720   -0.8515   -0.4305   -0.3093    5.5789    6.9353    7.3547    7.3738    8.1809    8.9922    9.6352   10.0454   10.5118   11.5162   12.0328
  2.6768  -14.6669  -13.8235   -6.1953   -6.1927   -5.1547   -4.6126   -4.5959   -2.9903   -1.1535   -0.9448   -0.8384   -0.4129   -0.3053    5.5488    6.9117    7.3433    7.3498    8.1733    8.9821    9.6655   10.0259   10.4914   11.5380   12.0445
  2.6889  -14.6721  -13.8248   -6.1963   -6.1942   -5.1595   -4.6102   -4.5962   -2.9870   -1.1566   -0.9191   -0.8266   -0.3958   -0.3019    5.5206    6.8890    7.3281    7.3327    8.1662    8.9728    9.6957   10.0077   10.4715   11.5576   12.0570
  2.7009  -14.6770  -13.8261   -6.1972   -6.1956   -5.1638   -4.6079   -4.5963   -2.9840   -1.1598   -0.8950   -0.8160   -0.3794   -0.2990    5.4945    6.8675    7.3087    7.3228    8.1594    8.9642    9.7254    9.9910   10.4522   11.5748   12.0703
  2.7129  -14.6814  -13.8272   -6.1981   -6.1968   -5.1677   -4.6059   -4.5965   -2.9813   -1.1628   -0.8726   -0.8067   -0.3638   -0.2967    5.4706    6.8473    7.2915    7.3138    8.1532    8.9564    9.7542    9.9758   10.4336   11.5897   12.0839
  2.7250  -14.6853  -13.8283   -6.1989   -6.1979   -5.1713   -4.6041   -4.5967   -2.9789   -1.1656   -0.8521   -0.7986   -0.3494   -0.2948    5.4489    6.8286    7.2764    7.3057    8.1474    8.9494    9.7819    9.9621   10.4157   11.6025   12.0976
  2.7370  -14.6888  -13.8292   -6.1996   -6.1988   -5.1744   -4.6025   -4.5968   -2.9768   -1.1682   -0.8336   -0.7916   -0.3362   -0.2934    5.4296    6.8116    7.2634    7.2985    8.1423    8.9432    9.8081    9.9499   10.3987   11.6133   12.1110
  2.7491  -14.6918  -13.8300   -6.2002   -6.1997   -5.1771   -4.6011   -4.5969   -2.9751   -1.1705   -0.8171   -0.7857   -0.3245   -0.2923    5.4127    6.7965    7.2522    7.2922    8.1378    8.9378    9.8323    9.9394   10.3829   11.6222   12.1236
  2.7611  -14.6944  -13.8306   -6.2007   -6.2003   -5.1794   -4.6000   -4.5971   -2.9735   -1.1725   -0.8030   -0.7808   -0.3143   -0.2916    5.3982    6.7835    7.2429    7.2868    8.1339    8.9332    9.8542    9.9304   10.3685   11.6294   12.1353
  2.7732  -14.6965  -13.8312   -6.2011   -6.2009   -5.1813   -4.5990   -4.5971   -2.9723   -1.1742   -0.7912   -0.7768   -0.3058   -0.2911    5.3863    6.7727    7.2353    7.2824    8.1307    8.9295    9.8731    9.9230   10.3558   11.6350   12.1451
  2.7852  -14.6981  -13.8316   -6.2015   -6.2013   -5.1828   -4.5983   -4.5972   -2.9714   -1.1755   -0.7820   -0.7737   -0.2991   -0.2907    5.3770    6.7641    7.2295    7.2790    8.1282    8.9266    9.8887    9.9173   10.3453   11.6393   12.1542
  2.7973  -14.6993  -13.8319   -6.2017   -6.2016   -5.1839   -4.5977   -4.5973   -2.9707   -1.1765   -0.7753   -0.7716   -0.2943   -0.2905    5.3703    6.7579    7.2254    7.2765    8.1264    8.9245    9.9002    9.9132   10.3374   11.6422   12.1600
  2.8093  -14.7000  -13.8321   -6.2018   -6.2018   -5.1845   -4.5974   -4.5973   -2.9703   -1.1771   -0.7712   -0.7703   -0.2914   -0.2904    5.3663    6.7542    7.2229    7.2750    8.1253    8.9232    9.9074    9.9107   10.3324   11.6440   12.1635
  2.8213  -14.7002  -13.8322   -6.2019   -6.2019   -5.1847   -4.5973   -4.5973   -2.9702   -1.1773   -0.7699   -0.7699   -0.2904   -0.2904    5.3650    6.7530    7.2221    7.2745    8.1250    8.9228    9.9099    9.9099   10.3307   11.6445   12.1638
