#K-Path     Band-1    Band-2    Band-3    Band-4      ...     Band-n
  0.0000  -12.3623  -11.7362  -11.5600  -11.5551  -11.3885  -11.3833   -4.2691   -3.5302   -2.9181   -2.9043   -2.8856   -2.7277   -2.7151   -2.3379   -2.2841   -1.8462   -1.7902   -1.7424   -1.2563   -0.8596   -0.6963   -0.6883   -0.2659   -0.2424    0.7602    0.8212    0.9617    1.0325    1.7964    1.8943    1.9389    2.0051    2.0222    2.0421    4.4097    4.4657    5.3459    5.6471    5.7641    6.4480
  0.0103  -12.3622  -11.7361  -11.5601  -11.5553  -11.3885  -11.3834   -4.2689   -3.5301   -2.9182   -2.9038   -2.8871   -2.7260   -2.7152   -2.3379   -2.2843   -1.8463   -1.7899   -1.7415   -1.2562   -0.8598   -0.6966   -0.6880   -0.2675   -0.2429    0.7604    0.8211    0.9616    1.0324    1.7968    1.8941    1.9387    2.0036    2.0224    2.0434    4.4107    4.4658    5.3472    5.6477    5.7642    6.4081
  0.0206  -12.3617  -11.7358  -11.5603  -11.5559  -11.3886  -11.3835   -4.2683   -3.5301   -2.9185   -2.9024   -2.8914   -2.7216   -2.7149   -2.3381   -2.2849   -1.8468   -1.7889   -1.7384   -1.2557   -0.8606   -0.6974   -0.6871   -0.2721   -0.2444    0.7604    0.8209    0.9614    1.0326    1.7978    1.8943    1.9377    2.0019    2.0223    2.0451    4.4138    4.4662    5.3509    5.6495    5.7642    6.3761
  0.0309  -12.3608  -11.7353  -11.5609  -11.5568  -11.3887  -11.3837   -4.2673   -3.5301   -2.9190   -2.9001   -2.8979   -2.7187   -2.7105   -2.3384   -2.2859   -1.8478   -1.7872   -1.7333   -1.2551   -0.8619   -0.6987   -0.6857   -0.2799   -0.2468    0.7602    0.8207    0.9611    1.0329    1.7992    1.8947    1.9359    1.9996    2.0224    2.0471    4.4189    4.4668    5.3570    5.6525    5.7643    6.3449
  0.0412  -12.3596  -11.7346  -11.5617  -11.5579  -11.3889  -11.3840   -4.2658   -3.5300   -2.9197   -2.9065   -2.8965   -2.7193   -2.7007   -2.3388   -2.2873   -1.8491   -1.7847   -1.7263   -1.2541   -0.8636   -0.7005   -0.6838   -0.2907   -0.2502    0.7598    0.8205    0.9607    1.0334    1.8010    1.8953    1.9337    1.9968    2.0228    2.0491    4.4259    4.4676    5.3654    5.6569    5.7643    6.3142
  0.0516  -12.3581  -11.7337  -11.5631  -11.5591  -11.3891  -11.3843   -4.2640   -3.5299   -2.9207   -2.9159   -2.8922   -2.7206   -2.6886   -2.3393   -2.2891   -1.8507   -1.7815   -1.7177   -1.2530   -0.8658   -0.7028   -0.6814   -0.3044   -0.2543    0.7593    0.8203    0.9601    1.0340    1.8033    1.8959    1.9313    1.9934    2.0236    2.0511    4.4350    4.4687    5.3760    5.6626    5.7640    6.2846
  0.0619  -12.3563  -11.7327  -11.5650  -11.5603  -11.3895  -11.3848   -4.2618   -3.5298   -2.9268   -2.9210   -2.8871   -2.7223   -2.6751   -2.3400   -2.2912   -1.8524   -1.7774   -1.7075   -1.2516   -0.8684   -0.7056   -0.6786   -0.3210   -0.2593    0.7585    0.8200    0.9595    1.0346    1.8061    1.8961    1.9289    1.9896    2.0247    2.0529    4.4458    4.4701    5.3885    5.6697    5.7632    6.2562
  0.0722  -12.3541  -11.7314  -11.5676  -11.5614  -11.3898  -11.3852   -4.2591   -3.5297   -2.9374   -2.9222   -2.8810   -2.7242   -2.6606   -2.3409   -2.2938   -1.8543   -1.7724   -1.6959   -1.2501   -0.8714   -0.7088   -0.6754   -0.3403   -0.2650    0.7577    0.8197    0.9587    1.0352    1.8093    1.8956    1.9271    1.9854    2.0260    2.0546    4.4585    4.4716    5.4029    5.6784    5.7617    6.2295
  0.0825  -12.3516  -11.7299  -11.5708  -11.5624  -11.3903  -11.3858   -4.2561   -3.5297   -2.9483   -2.9234   -2.8741   -2.7262   -2.6453   -2.3419   -2.2966   -1.8562   -1.7667   -1.6830   -1.2484   -0.8747   -0.7124   -0.6719   -0.3622   -0.2714    0.7568    0.8195    0.9578    1.0358    1.8128    1.8940    1.9262    1.9808    2.0275    2.0562    4.4717    4.4746    5.4187    5.6887    5.7593    6.2050
  0.0928  -12.3487  -11.7283  -11.5744  -11.5635  -11.3909  -11.3864   -4.2527   -3.5296   -2.9593   -2.9246   -2.8665   -2.7281   -2.6295   -2.3432   -2.2998   -1.8582   -1.7602   -1.6689   -1.2466   -0.8785   -0.7164   -0.6681   -0.3866   -0.2784    0.7558    0.8192    0.9567    1.0363    1.8167    1.8911    1.9265    1.9761    2.0292    2.0577    4.4748    4.4894    5.4357    5.7009    5.7555    6.1829
  0.1031  -12.3456  -11.7265  -11.5785  -11.5647  -11.3916  -11.3870   -4.2488   -3.5295   -2.9702   -2.9259   -2.8582   -2.7300   -2.6132   -2.3446   -2.3032   -1.8602   -1.7529   -1.6538   -1.2448   -0.8825   -0.7208   -0.6641   -0.4133   -0.2860    0.7547    0.8190    0.9555    1.0366    1.8210    1.8869    1.9279    1.9712    2.0309    2.0590    4.4768    4.5069    5.4536    5.7150    5.7501    6.1639
  0.1134  -12.3421  -11.7244  -11.5830  -11.5659  -11.3924  -11.3876   -4.2446   -3.5294   -2.9809   -2.9272   -2.8492   -2.7317   -2.5967   -2.3463   -2.3068   -1.8622   -1.7448   -1.6376   -1.2429   -0.8870   -0.7256   -0.6599   -0.4421   -0.2940    0.7536    0.8189    0.9541    1.0367    1.8255    1.8817    1.9300    1.9663    2.0326    2.0602    4.4788    4.5260    5.4720    5.7313    5.7428    6.1482
  0.1237  -12.3383  -11.7222  -11.5879  -11.5672  -11.3934  -11.3883   -4.2400   -3.5294   -2.9914   -2.9285   -2.8398   -2.7331   -2.5799   -2.3483   -2.3106   -1.8642   -1.7361   -1.6205   -1.2410   -0.8918   -0.7307   -0.6556   -0.4729   -0.3023    0.7525    0.8187    0.9526    1.0365    1.8303    1.8759    1.9326    1.9615    2.0344    2.0613    4.4808    4.5463    5.4906    5.7334    5.7498    6.1362
  0.1340  -12.3341  -11.7199  -11.5932  -11.5685  -11.3945  -11.3889   -4.2351   -3.5294   -3.0017   -2.9297   -2.8300   -2.7339   -2.5631   -2.3506   -2.3144   -1.8662   -1.7267   -1.6025   -1.2392   -0.8970   -0.7360   -0.6511   -0.5055   -0.3108    0.7514    0.8187    0.9509    1.0361    1.8354    1.8695    1.9354    1.9567    2.0362    2.0624    4.4827    4.5678    5.5092    5.7218    5.7706    6.1281
  0.1444  -12.3297  -11.7173  -11.5989  -11.5700  -11.3957  -11.3896   -4.2297   -3.5294   -3.0116   -2.9309   -2.8201   -2.7340   -2.5462   -2.3533   -2.3183   -1.8683   -1.7167   -1.5838   -1.2374   -0.9026   -0.7417   -0.6466   -0.5397   -0.3194    0.7503    0.8186    0.9491    1.0353    1.8406    1.8628    1.9383    1.9523    2.0379    2.0633    4.4846    4.5904    5.5275    5.7082    5.7937    6.1238
  0.1547  -12.3250  -11.7146  -11.6049  -11.5715  -11.3971  -11.3903   -4.2240   -3.5294   -3.0212   -2.9319   -2.8104   -2.7330   -2.5293   -2.3564   -2.3221   -1.8703   -1.7061   -1.5643   -1.2358   -0.9087   -0.7477   -0.6421   -0.5752   -0.3280    0.7492    0.8186    0.9472    1.0342    1.8457    1.8560    1.9406    1.9485    2.0397    2.0642    4.4863    4.6138    5.5453    5.6928    5.8191    6.1233
  0.1650  -12.3199  -11.7117  -11.6113  -11.5730  -11.3987  -11.3909   -4.2180   -3.5295   -3.0305   -2.9328   -2.8013   -2.7307   -2.5127   -2.3599   -2.3256   -1.8723   -1.6950   -1.5443   -1.2343   -0.9153   -0.7541   -0.6375   -0.6118   -0.3364    0.7482    0.8187    0.9451    1.0328    1.8474    1.8525    1.9405    1.9473    2.0415    2.0651    4.4878    4.6380    5.5625    5.6760    5.8465    6.1263
  0.1753  -12.3146  -11.7087  -11.6181  -11.5746  -11.4004  -11.3916   -4.2116   -3.5296   -3.0394   -2.9335   -2.7931   -2.7264   -2.4963   -2.3637   -2.3290   -1.8744   -1.6834   -1.5237   -1.2329   -0.9224   -0.7611   -0.6491   -0.6330   -0.3445    0.7471    0.8188    0.9428    1.0310    1.8407    1.8573    1.9376    1.9492    2.0433    2.0660    4.4890    4.6628    5.5791    5.6584    5.8758    6.1324
  0.1856  -12.3090  -11.7055  -11.6252  -11.5762  -11.4022  -11.3923   -4.2050   -3.5297   -3.0480   -2.9340   -2.7862   -2.7201   -2.4805   -2.3677   -2.3320   -1.8765   -1.6714   -1.5026   -1.2318   -0.9302   -0.7693   -0.6863   -0.6285   -0.3522    0.7461    0.8189    0.9405    1.0289    1.8333    1.8627    1.9342    1.9517    2.0451    2.0670    4.4898    4.6881    5.5952    5.6403    5.9066    6.1414
  0.1959  -12.3031  -11.7022  -11.6326  -11.5779  -11.4042  -11.3930   -4.1980   -3.5299   -3.0562   -2.9342   -2.7807   -2.7116   -2.4655   -2.3715   -2.3346   -1.8787   -1.6591   -1.4812   -1.2308   -0.9386   -0.7805   -0.7213   -0.6241   -0.3593    0.7450    0.8191    0.9380    1.0264    1.8259    1.8680    1.9309    1.9543    2.0468    2.0680    4.4902    4.7136    5.6107    5.6223    5.9385    6.1529
  0.2062  -12.2969  -11.6987  -11.6403  -11.5796  -11.4063  -11.3937   -4.1907   -3.5301   -3.0641   -2.9342   -2.7764   -2.7012   -2.4523   -2.3744   -2.3369   -1.8808   -1.6465   -1.4594   -1.2301   -0.9477   -0.7998   -0.7489   -0.6199   -0.3658    0.7440    0.8193    0.9355    1.0235    1.8184    1.8731    1.9279    1.9568    2.0485    2.0691    4.4901    4.7392    5.6047    5.6258    5.9710    6.1666
  0.2165  -12.2904  -11.6950  -11.6483  -11.5813  -11.4085  -11.3945   -4.1833   -3.5303   -3.0717   -2.9338   -2.7728   -2.6892   -2.4419   -2.3751   -2.3388   -1.8830   -1.6337   -1.4375   -1.2295   -0.9574   -0.8310   -0.7653   -0.6158   -0.3715    0.7430    0.8195    0.9328    1.0203    1.8110    1.8779    1.9253    1.9593    2.0500    2.0703    4.4894    4.7647    5.5882    5.6405    6.0036    6.1824
  0.2269  -12.2837  -11.6913  -11.6566  -11.5830  -11.4109  -11.3952   -4.1755   -3.5306   -3.0789   -2.9330   -2.7697   -2.6762   -2.4361   -2.3721   -2.3400   -1.8853   -1.6209   -1.4155   -1.2293   -0.9677   -0.8689   -0.7751   -0.6119   -0.3765    0.7419    0.8197    0.9301    1.0168    1.8037    1.8824    1.9230    1.9618    2.0514    2.0717    4.4881    4.7900    5.5729    5.6549    6.0355    6.1998
  0.2372  -12.2768  -11.6874  -11.6651  -11.5847  -11.4134  -11.3959   -4.1676   -3.5308   -3.0858   -2.9318   -2.7667   -2.6625   -2.4354   -2.3653   -2.3403   -1.8876   -1.6081   -1.3934   -1.2293   -0.9785   -0.9096   -0.7824   -0.6082   -0.3806    0.7408    0.8200    0.9274    1.0130    1.7965    1.8864    1.9211    1.9644    2.0526    2.0733    4.4860    4.8148    5.5594    5.6689    6.0652    6.2188
  0.2475  -12.2696  -11.6834  -11.6738  -11.5864  -11.4161  -11.3967   -4.1596   -3.5311   -3.0924   -2.9302   -2.7636   -2.6483   -2.4389   -2.3571   -2.3379   -1.8900   -1.5954   -1.3715   -1.2297   -0.9897   -0.9513   -0.7886   -0.6047   -0.3837    0.7397    0.8202    0.9246    1.0089    1.7895    1.8898    1.9196    1.9671    2.0536    2.0751    4.4831    4.8391    5.5478    5.6826    6.0901    6.2311
  0.2578  -12.2622  -11.6829  -11.6792  -11.5881  -11.4189  -11.3974   -4.1514   -3.5314   -3.0987   -2.9282   -2.7604   -2.6339   -2.4449   -2.3519   -2.3300   -1.8924   -1.5829   -1.3498   -1.2306   -1.0011   -0.9933   -0.7940   -0.6017   -0.3860    0.7386    0.8204    0.9218    1.0045    1.7826    1.8925    1.9185    1.9700    2.0544    2.0770    4.4794    4.8626    5.5386    5.6961    6.1054    6.1829
  0.2681  -12.2545  -11.6921  -11.6751  -11.5898  -11.4217  -11.3982   -4.1431   -3.5316   -3.1047   -2.9257   -2.7568   -2.6196   -2.4526   -2.3500   -2.3173   -1.8949   -1.5708   -1.3286   -1.2319   -1.0355   -1.0123   -0.7990   -0.5989   -0.3873    0.7374    0.8206    0.9190    1.0000    1.7760    1.8945    1.9178    1.9733    2.0550    2.0790    4.4749    4.8851    5.5319    5.7092    6.1085    6.1952
  0.2784  -12.2467  -11.7014  -11.6707  -11.5915  -11.4248  -11.3990   -4.1347   -3.5318   -3.1104   -2.9226   -2.7530   -2.6054   -2.4614   -2.3489   -2.3026   -1.8975   -1.5591   -1.3083   -1.2340   -1.0769   -1.0232   -0.8036   -0.5967   -0.3878    0.7361    0.8208    0.9163    0.9953    1.7696    1.8958    1.9175    1.9768    2.0554    2.0811    4.4694    4.9066    5.5281    5.7220    6.1035    6.2109
  0.2887  -12.2386  -11.7110  -11.6664  -11.5931  -11.4279  -11.3997   -4.1264   -3.5320   -3.1158   -2.9191   -2.7489   -2.5916   -2.4708   -2.3477   -2.2870   -1.9002   -1.5481   -1.2896   -1.2369   -1.1169   -1.0335   -0.8078   -0.5948   -0.3874    0.7348    0.8210    0.9136    0.9904    1.7634    1.8963    1.9176    1.9807    2.0557    2.0832    4.4631    4.9268    5.5271    5.7345    6.0944    6.2229
  0.2990  -12.2304  -11.7207  -11.6619  -11.5947  -11.4311  -11.4004   -4.1180   -3.5322   -3.1210   -2.9151   -2.7443   -2.5783   -2.4809   -2.3459   -2.2711   -1.9029   -1.5377   -1.2746   -1.2410   -1.1533   -1.0427   -0.8116   -0.5936   -0.3862    0.7334    0.8211    0.9109    0.9855    1.7575    1.8961    1.9181    1.9848    2.0559    2.0854    4.4560    4.9458    5.5292    5.7465    6.0832    6.2268
  0.3093  -12.2221  -11.7305  -11.6574  -11.5963  -11.4345  -11.4012   -4.1097   -3.5323   -3.1259   -2.9105   -2.7395   -2.5659   -2.4914   -2.3433   -2.2549   -1.9058   -1.5282   -1.2692   -1.2462   -1.1802   -1.0503   -0.8150   -0.5928   -0.3842    0.7319    0.8212    0.9084    0.9805    1.7520    1.8952    1.9188    1.9892    2.0560    2.0875    4.4481    4.9634    5.5343    5.7580    6.0703    6.2229
  0.3197  -12.2136  -11.7404  -11.6528  -11.5978  -11.4379  -11.4019   -4.1016   -3.5323   -3.1306   -2.9053   -2.7343   -2.5544   -2.5022   -2.3397   -2.2387   -1.9088   -1.5196   -1.2834   -1.2528   -1.1875   -1.0562   -0.8181   -0.5926   -0.3816    0.7303    0.8212    0.9060    0.9755    1.7467    1.8937    1.9200    1.9937    2.0560    2.0895    4.4395    4.9796    5.5425    5.7691    6.0559    6.2143
  0.3300  -12.2050  -11.7504  -11.6482  -11.5992  -11.4414  -11.4026   -4.0935   -3.5323   -3.1350   -2.8996   -2.7289   -2.5443   -2.5131   -2.3350   -2.2225   -1.9119   -1.5120   -1.3134   -1.2609   -1.1790   -1.0600   -0.8209   -0.5930   -0.3785    0.7287    0.8212    0.9037    0.9705    1.7418    1.8918    1.9214    1.9984    2.0559    2.0915    4.4303    4.9945    5.5536    5.7795    6.0398    6.2042
  0.3403  -12.1963  -11.7604  -11.6436  -11.6006  -11.4450  -11.4033   -4.0857   -3.5322   -3.1392   -2.8934   -2.7232   -2.5369   -2.5228   -2.3288   -2.2064   -1.9151   -1.5056   -1.3491   -1.2703   -1.1646   -1.0617   -0.8233   -0.5940   -0.3748    0.7269    0.8211    0.9016    0.9656    1.7371    1.8894    1.9230    2.0031    2.0557    2.0933    4.4206    5.0081    5.5675    5.7892    6.0223    6.1946
  0.3506  -12.1876  -11.7705  -11.6391  -11.6018  -11.4486  -11.4039   -4.0781   -3.5321   -3.1431   -2.8867   -2.7173   -2.5401   -2.5235   -2.3213   -2.1905   -1.9186   -1.5004   -1.3863   -1.2809   -1.1485   -1.0614   -0.8254   -0.5956   -0.3708    0.7250    0.8210    0.8997    0.9609    1.7329    1.8867    1.9249    2.0077    2.0555    2.0950    4.4106    5.0204    5.5839    5.7983    6.0034    6.1866
  0.3609  -12.1788  -11.7805  -11.6345  -11.6030  -11.4523  -11.4045   -4.0708   -3.5319   -3.1468   -2.8794   -2.7113   -2.5510   -2.5181   -2.3123   -2.1747   -1.9223   -1.4965   -1.4236   -1.2922   -1.1322   -1.0592   -0.8272   -0.5977   -0.3665    0.7231    0.8208    0.8979    0.9563    1.7289    1.8838    1.9269    2.0123    2.0553    2.0965    4.4004    5.0316    5.6028    5.8065    5.9835    6.1806
  0.3712  -12.1700  -11.7904  -11.6301  -11.6040  -11.4560  -11.4051   -4.0638   -3.5316   -3.1502   -2.8716   -2.7051   -2.5630   -2.5131   -2.3019   -2.1592   -1.9263   -1.4940   -1.4601   -1.3039   -1.1162   -1.0554   -0.8287   -0.6003   -0.3621    0.7211    0.8205    0.8963    0.9519    1.7253    1.8807    1.9291    2.0168    2.0551    2.0979    4.3901    5.0418    5.6239    5.8140    5.9632    6.1766
  0.3815  -12.1613  -11.8002  -11.6258  -11.6048  -11.4598  -11.4057   -4.0572   -3.5312   -3.1534   -2.8633   -2.6990   -2.5754   -2.5091   -2.2901   -2.1441   -1.9307   -1.4960   -1.4926   -1.3155   -1.1009   -1.0502   -0.8299   -0.6033   -0.3576    0.7191    0.8202    0.8950    0.9478    1.7221    1.8774    1.9314    2.0211    2.0548    2.0991    4.3799    5.0511    5.6468    5.8206    5.9427    6.1744
  0.3918  -12.1527  -11.8098  -11.6219  -11.6054  -11.4635  -11.4062   -4.0510   -3.5308   -3.1563   -2.8545   -2.6929   -2.5880   -2.5061   -2.2770   -2.1293   -1.9355   -1.5298   -1.4933   -1.3267   -1.0863   -1.0441   -0.8309   -0.6067   -0.3531    0.7170    0.8199    0.8938    0.9439    1.7192    1.8742    1.9337    2.0251    2.0547    2.1002    4.3699    5.0594    5.6716    5.8265    5.9226    6.1737
  0.4021  -12.1443  -11.8191  -11.6184  -11.6054  -11.4671  -11.4067   -4.0452   -3.5304   -3.1590   -2.8453   -2.6869   -2.6008   -2.5040   -2.2629   -2.1151   -1.9408   -1.5623   -1.4952   -1.3369   -1.0727   -1.0372   -0.8317   -0.6104   -0.3486    0.7149    0.8195    0.8929    0.9402    1.7166    1.8709    1.9360    2.0288    2.0546    2.1010    4.3602    5.0670    5.6978    5.8316    5.9032    6.1744
  0.4125  -12.1362  -11.8281  -11.6158  -11.6047  -11.4707  -11.4072   -4.0398   -3.5299   -3.1615   -2.8356   -2.6812   -2.6138   -2.5027   -2.2478   -2.1015   -1.9468   -1.5928   -1.4985   -1.3461   -1.0602   -1.0299   -0.8323   -0.6143   -0.3444    0.7129    0.8191    0.8922    0.9369    1.7143    1.8678    1.9383    2.0322    2.0546    2.1017    4.3511    5.0738    5.7254    5.8359    5.8848    6.1760
  0.4228  -12.1283  -11.8368  -11.6143  -11.6029  -11.4741  -11.4076   -4.0350   -3.5295   -3.1637   -2.8255   -2.6757   -2.6268   -2.5019   -2.2320   -2.0887   -1.9536   -1.6210   -1.5030   -1.3540   -1.0487   -1.0225   -0.8327   -0.6184   -0.3404    0.7109    0.8187    0.8916    0.9338    1.7123    1.8647    1.9406    2.0351    2.0549    2.1022    4.3426    5.0798    5.7541    5.8395    5.8678    6.1784
  0.4331  -12.1209  -11.8449  -11.6138  -11.6003  -11.4774  -11.4079   -4.0306   -3.5290   -3.1656   -2.8150   -2.6706   -2.6398   -2.5016   -2.2156   -2.0768   -1.9612   -1.6468   -1.5084   -1.3606   -1.0385   -1.0151   -0.8330   -0.6223   -0.3368    0.7090    0.8182    0.8913    0.9311    1.7106    1.8619    1.9427    2.0374    2.0554    2.1025    4.3348    5.0852    5.7839    5.8420    5.8528    6.1812
  0.4434  -12.1141  -11.8523  -11.6138  -11.5975  -11.4805  -11.4083   -4.0268   -3.5285   -3.1673   -2.8041   -2.6659   -2.6529   -2.5016   -2.1989   -2.0661   -1.9698   -1.6696   -1.5143   -1.3659   -1.0295   -1.0081   -0.8332   -0.6262   -0.3335    0.7072    0.8178    0.8911    0.9287    1.7092    1.8592    1.9447    2.0391    2.0563    2.1027    4.3278    5.0898    5.8145    5.8372    5.8463    6.1846
  0.4537  -12.1079  -11.8590  -11.6139  -11.5947  -11.4832  -11.4085   -4.0236   -3.5281   -3.1687   -2.7930   -2.6661   -2.6617   -2.5018   -2.1821   -2.0566   -1.9793   -1.6894   -1.5202   -1.3701   -1.0217   -1.0017   -0.8334   -0.6298   -0.3306    0.7056    0.8175    0.8910    0.9266    1.7081    1.8569    1.9464    2.0402    2.0574    2.1027    4.3218    5.0938    5.8258    5.8458    5.8477    6.1947
  0.4640  -12.1026  -11.8648  -11.6141  -11.5923  -11.4856  -11.4088   -4.0209   -3.5278   -3.1699   -2.7815   -2.6791   -2.6582   -2.5022   -2.1657   -2.0486   -1.9893   -1.7058   -1.5259   -1.3732   -1.0154   -0.9961   -0.8334   -0.6329   -0.3282    0.7043    0.8172    0.8911    0.9248    1.7072    1.8549    1.9480    2.0408    2.0588    2.1026    4.3167    5.0971    5.8160    5.8491    5.8777    6.1633
  0.4743  -12.0982  -11.8695  -11.6143  -11.5902  -11.4876  -11.4089   -4.0188   -3.5275   -3.1708   -2.7697   -2.6920   -2.6553   -2.5026   -2.1503   -2.0425   -1.9994   -1.7186   -1.5307   -1.3755   -1.0104   -0.9916   -0.8334   -0.6355   -0.3263    0.7031    0.8169    0.8913    0.9234    1.7066    1.8532    1.9493    2.0410    2.0603    2.1023    4.3128    5.0996    5.8082    5.8502    5.9097    6.1285
  0.4846  -12.0950  -11.8729  -11.6145  -11.5886  -11.4891  -11.4091   -4.0173   -3.5273   -3.1715   -2.7579   -2.7047   -2.6532   -2.5030   -2.1371   -2.0385   -2.0082   -1.7278   -1.5345   -1.3771   -1.0068   -0.9882   -0.8334   -0.6375   -0.3249    0.7022    0.8167    0.8916    0.9223    1.7062    1.8519    1.9503    2.0409    2.0617    2.1019    4.3099    5.1014    5.8026    5.8510    5.9413    6.0949
  0.4949  -12.0930  -11.8751  -11.6146  -11.5876  -11.4900  -11.4091   -4.0164   -3.5271   -3.1719   -2.7462   -2.7169   -2.6518   -2.5034   -2.1277   -2.0368   -2.0142   -1.7334   -1.5368   -1.3779   -1.0047   -0.9861   -0.8333   -0.6387   -0.3241    0.7016    0.8166    0.8919    0.9216    1.7060    1.8511    1.9509    2.0406    2.0629    2.1014    4.3081    5.1026    5.7992    5.8515    5.9702    6.0649
  0.5053  -12.0923  -11.8758  -11.6146  -11.5873  -11.4903  -11.4092   -4.0161   -3.5271   -3.1720   -2.7378   -2.7255   -2.6513   -2.5036   -2.1243   -2.0365   -2.0161   -1.7354   -1.5376   -1.3782   -1.0040   -0.9854   -0.8333   -0.6391   -0.3238    0.7013    0.8165    0.8923    0.9212    1.7060    1.8506    1.9513    2.0402    2.0640    2.1009    4.3076    5.1029    5.7980    5.8516    5.9854    6.0493
  0.5053  -12.0923  -11.8758  -11.6146  -11.5873  -11.4903  -11.4092   -4.0161   -3.5271   -3.1720   -2.7378   -2.7255   -2.6513   -2.5036   -2.1243   -2.0365   -2.0161   -1.7354   -1.5376   -1.3782   -1.0040   -0.9854   -0.8333   -0.6391   -0.3238    0.7013    0.8165    0.8923    0.9212    1.7060    1.8506    1.9513    2.0402    2.0640    2.1009    4.3076    5.1029    5.7980    5.8516    5.9854    6.0493
  0.5112  -12.0922  -11.8758  -11.6146  -11.5873  -11.4903  -11.4092   -4.0159   -3.5272   -3.1719   -2.7382   -2.7255   -2.6510   -2.5036   -2.1261   -2.0349   -2.0159   -1.7354   -1.5376   -1.3779   -1.0058   -0.9836   -0.8334   -0.6391   -0.3242    0.7015    0.8166    0.8928    0.9206    1.7058    1.8504    1.9522    2.0418    2.0624    2.1004    4.3076    5.1022    5.7981    5.8511    5.9862    6.0490
  0.5172  -12.0921  -11.8759  -11.6148  -11.5872  -11.4903  -11.4092   -4.0154   -3.5274   -3.1716   -2.7388   -2.7259   -2.6505   -2.5035   -2.1312   -2.0308   -2.0147   -1.7364   -1.5368   -1.3769   -1.0106   -0.9790   -0.8337   -0.6389   -0.3252    0.7018    0.8166    0.8928    0.9208    1.7056    1.8502    1.9530    2.0434    2.0610    2.1001    4.3079    5.0999    5.7981    5.8498    5.9885    6.0482
  0.5231  -12.0918  -11.8760  -11.6150  -11.5871  -11.4904  -11.4092   -4.0146   -3.5278   -3.1712   -2.7398   -2.7266   -2.6497   -2.5034   -2.1387   -2.0268   -2.0109   -1.7383   -1.5354   -1.3752   -1.0164   -0.9733   -0.8342   -0.6386   -0.3267    0.7022    0.8167    0.8922    0.9217    1.7056    1.8500    1.9537    2.0448    2.0596    2.0997    4.3083    5.0961    5.7981    5.8476    5.9922    6.0468
  0.5291  -12.0915  -11.8762  -11.6153  -11.5869  -11.4905  -11.4092   -4.0135   -3.5284   -3.1705   -2.7411   -2.7277   -2.6487   -2.5032   -2.1476   -2.0252   -2.0032   -1.7411   -1.5333   -1.3728   -1.0228   -0.9673   -0.8350   -0.6382   -0.3288    0.7027    0.8168    0.8912    0.9233    1.7057    1.8497    1.9545    2.0461    2.0584    2.0995    4.3090    5.0910    5.7982    5.8448    5.9972    6.0448
  0.5350  -12.0910  -11.8764  -11.6158  -11.5867  -11.4906  -11.4092   -4.0120   -3.5291   -3.1696   -2.7426   -2.7290   -2.6475   -2.5030   -2.1574   -2.0253   -1.9928   -1.7445   -1.5307   -1.3696   -1.0294   -0.9612   -0.8359   -0.6377   -0.3314    0.7034    0.8168    0.8898    0.9255    1.7058    1.8494    1.9551    2.0470    2.0574    2.0992    4.3098    5.0844    5.7983    5.8414    6.0034    6.0423
  0.5410  -12.0904  -11.8767  -11.6163  -11.5865  -11.4908  -11.4093   -4.0102   -3.5300   -3.1686   -2.7444   -2.7306   -2.6461   -2.5027   -2.1676   -2.0263   -1.9809   -1.7486   -1.5278   -1.3656   -1.0361   -0.9550   -0.8370   -0.6371   -0.3346    0.7042    0.8169    0.8882    0.9280    1.7061    1.8490    1.9558    2.0475    2.0569    2.0991    4.3107    5.0765    5.7984    5.8375    6.0104    6.0393
  0.5469  -12.0897  -11.8770  -11.6169  -11.5861  -11.4910  -11.4093   -4.0080   -3.5311   -3.1673   -2.7465   -2.7325   -2.6445   -2.5024   -2.1780   -2.0279   -1.9682   -1.7532   -1.5245   -1.3610   -1.0430   -0.9489   -0.8383   -0.6364   -0.3384    0.7050    0.8169    0.8864    0.9309    1.7066    1.8486    1.9564    2.0473    2.0571    2.0989    4.3119    5.0674    5.7985    5.8333    6.0182    6.0359
  0.5529  -12.0889  -11.8774  -11.6175  -11.5858  -11.4912  -11.4093   -4.0056   -3.5323   -3.1659   -2.7487   -2.7348   -2.6428   -2.5021   -2.1884   -2.0299   -1.9550   -1.7582   -1.5211   -1.3555   -1.0499   -0.9428   -0.8397   -0.6356   -0.3427    0.7060    0.8170    0.8847    0.9340    1.7071    1.8482    1.9569    2.0466    2.0578    2.0988    4.3132    5.0572    5.7986    5.8288    6.0266    6.0320
  0.5588  -12.0880  -11.8778  -11.6183  -11.5854  -11.4914  -11.4094   -4.0028   -3.5337   -3.1643   -2.7512   -2.7373   -2.6409   -2.5018   -2.1987   -2.0322   -1.9414   -1.7634   -1.5175   -1.3494   -1.0569   -0.9367   -0.8413   -0.6347   -0.3475    0.7071    0.8171    0.8829    0.9372    1.7077    1.8478    1.9574    2.0454    2.0589    2.0988    4.3147    5.0459    5.7987    5.8241    6.0277    6.0355
  0.5648  -12.0871  -11.8783  -11.6191  -11.5849  -11.4917  -11.4094   -3.9997   -3.5352   -3.1625   -2.7538   -2.7401   -2.6388   -2.5015   -2.2088   -2.0349   -1.9274   -1.7688   -1.5139   -1.3426   -1.0640   -0.9306   -0.8431   -0.6337   -0.3528    0.7083    0.8171    0.8811    0.9406    1.7085    1.8473    1.9579    2.0440    2.0602    2.0988    4.3164    5.0336    5.7988    5.8192    6.0231    6.0447
  0.5707  -12.0860  -11.8788  -11.6200  -11.5844  -11.4920  -11.4095   -3.9963   -3.5369   -3.1605   -2.7566   -2.7431   -2.6366   -2.5012   -2.2187   -2.0379   -1.9133   -1.7744   -1.5104   -1.3351   -1.0712   -0.9247   -0.8450   -0.6327   -0.3587    0.7096    0.8172    0.8794    0.9440    1.7093    1.8468    1.9583    2.0425    2.0616    2.0988    4.3183    5.0205    5.7989    5.8142    6.0181    6.0542
  0.5767  -12.0848  -11.8794  -11.6210  -11.5839  -11.4923  -11.4096   -3.9926   -3.5388   -3.1583   -2.7596   -2.7465   -2.6344   -2.5009   -2.2283   -2.0412   -1.8991   -1.7799   -1.5069   -1.3269   -1.0784   -0.9188   -0.8471   -0.6316   -0.3650    0.7109    0.8173    0.8777    0.9476    1.7103    1.8462    1.9587    2.0409    2.0631    2.0989    4.3203    5.0066    5.7990    5.8091    6.0128    6.0639
  0.5827  -12.0834  -11.8801  -11.6221  -11.5833  -11.4927  -11.4096   -3.9886   -3.5409   -3.1559   -2.7627   -2.7500   -2.6320   -2.5007   -2.2376   -2.0449   -1.8847   -1.7854   -1.5035   -1.3182   -1.0857   -0.9130   -0.8493   -0.6304   -0.3717    0.7124    0.8173    0.8761    0.9511    1.7113    1.8456    1.9590    2.0392    2.0646    2.0990    4.3225    4.9920    5.7990    5.8039    6.0072    6.0737
  0.5886  -12.0820  -11.8808  -11.6232  -11.5826  -11.4931  -11.4097   -3.9843   -3.5431   -3.1534   -2.7659   -2.7539   -2.6295   -2.5006   -2.2466   -2.0489   -1.8703   -1.7908   -1.5002   -1.3088   -1.0930   -0.9073   -0.8516   -0.6292   -0.3789    0.7139    0.8174    0.8745    0.9547    1.7125    1.8449    1.9594    2.0376    2.0662    2.0991    4.3249    4.9768    5.7983    5.7993    6.0013    6.0835
  0.5946  -12.0805  -11.8816  -11.6243  -11.5819  -11.4935  -11.4098   -3.9797   -3.5455   -3.1506   -2.7693   -2.7579   -2.6270   -2.5005   -2.2551   -2.0533   -1.8559   -1.7960   -1.4970   -1.2990   -1.1004   -0.9017   -0.8540   -0.6280   -0.3865    0.7155    0.8175    0.8730    0.9583    1.7138    1.8442    1.9597    2.0358    2.0677    2.0993    4.3274    4.9612    5.7931    5.7992    5.9952    6.0932
  0.6005  -12.0789  -11.8825  -11.6256  -11.5812  -11.4939  -11.4099   -3.9748   -3.5480   -3.1477   -2.7728   -2.7621   -2.6243   -2.5005   -2.2633   -2.0579   -1.8416   -1.8008   -1.4939   -1.2888   -1.1078   -0.8962   -0.8565   -0.6268   -0.3945    0.7171    0.8176    0.8716    0.9619    1.7152    1.8435    1.9600    2.0341    2.0693    2.0995    4.3301    4.9451    5.7877    5.7991    5.9889    6.1029
  0.6065  -12.0772  -11.8834  -11.6268  -11.5804  -11.4944  -11.4100   -3.9696   -3.5508   -3.1446   -2.7765   -2.7665   -2.6216   -2.5005   -2.2710   -2.0628   -1.8279   -1.8049   -1.4909   -1.2781   -1.1153   -0.8909   -0.8591   -0.6255   -0.4028    0.7188    0.8176    0.8702    0.9654    1.7167    1.8427    1.9602    2.0324    2.0708    2.0997    4.3330    4.9287    5.7822    5.7991    5.9823    6.1124
  0.6124  -12.0754  -11.8844  -11.6281  -11.5796  -11.4949  -11.4101   -3.9642   -3.5537   -3.1413   -2.7803   -2.7710   -2.6188   -2.5007   -2.2783   -2.0681   -1.8179   -1.8050   -1.4879   -1.2671   -1.1229   -0.8857   -0.8618   -0.6243   -0.4114    0.7205    0.8177    0.8689    0.9690    1.7183    1.8419    1.9605    2.0307    2.0724    2.0999    4.3360    4.9120    5.7767    5.7990    5.9755    6.1218
  0.6184  -12.0735  -11.8855  -11.6295  -11.5787  -11.4954  -11.4103   -3.9585   -3.5568   -3.1378   -2.7843   -2.7755   -2.6160   -2.5010   -2.2852   -2.0736   -1.8181   -1.7947   -1.4849   -1.2557   -1.1304   -0.8807   -0.8645   -0.6230   -0.4204    0.7223    0.8179    0.8676    0.9724    1.7199    1.8410    1.9607    2.0289    2.0740    2.1002    4.3392    4.8951    5.7712    5.7988    5.9686    6.1309
  0.6243  -12.0715  -11.8867  -11.6308  -11.5778  -11.4960  -11.4104   -3.9526   -3.5600   -3.1342   -2.7886   -2.7801   -2.6131   -2.5015   -2.2916   -2.0794   -1.8215   -1.7809   -1.4820   -1.2441   -1.1381   -0.8759   -0.8672   -0.6218   -0.4296    0.7240    0.8180    0.8664    0.9758    1.7217    1.8400    1.9610    2.0272    2.0755    2.1005    4.3425    4.8781    5.7657    5.7986    5.9615    6.1398
  0.6303  -12.0694  -11.8880  -11.6322  -11.5768  -11.4966  -11.4105   -3.9464   -3.5635   -3.1304   -2.7932   -2.7847   -2.6101   -2.5020   -2.2975   -2.0854   -1.8252   -1.7667   -1.4792   -1.2323   -1.1458   -0.8720   -0.8693   -0.6206   -0.4391    0.7258    0.8181    0.8653    0.9791    1.7236    1.8390    1.9612    2.0255    2.0771    2.1007    4.3460    4.8610    5.7602    5.7984    5.9542    6.1484
  0.6362  -12.0672  -11.8894  -11.6336  -11.5758  -11.4973  -11.4107   -3.9400   -3.5671   -3.1264   -2.7980   -2.7891   -2.6071   -2.5027   -2.3030   -2.0917   -1.8289   -1.7523   -1.4763   -1.2203   -1.1535   -0.8735   -0.8663   -0.6194   -0.4487    0.7276    0.8183    0.8641    0.9824    1.7256    1.8380    1.9614    2.0238    2.0786    2.1010    4.3496    4.8439    5.7547    5.7980    5.9469    6.1567
  0.6422  -12.0649  -11.8908  -11.6350  -11.5748  -11.4979  -11.4108   -3.9334   -3.5709   -3.1222   -2.8032   -2.7934   -2.6040   -2.5035   -2.3080   -2.0981   -1.8323   -1.7380   -1.4734   -1.2081   -1.1613   -0.8763   -0.8621   -0.6182   -0.4585    0.7294    0.8184    0.8631    0.9855    1.7276    1.8369    1.9617    2.0222    2.0801    2.1013    4.3534    4.8269    5.7494    5.7976    5.9394    6.1648
  0.6481  -12.0625  -11.8924  -11.6365  -11.5737  -11.4986  -11.4110   -3.9265   -3.5749   -3.1179   -2.8087   -2.7976   -2.6008   -2.5044   -2.3126   -2.1048   -1.8356   -1.7237   -1.4704   -1.1959   -1.1690   -0.8792   -0.8582   -0.6171   -0.4684    0.7311    0.8186    0.8620    0.9886    1.7298    1.8357    1.9619    2.0205    2.0816    2.1016    4.3573    4.8099    5.7440    5.7971    5.9318    6.1725
  0.6541  -12.0600  -11.8940  -11.6379  -11.5726  -11.4994  -11.4112   -3.9195   -3.5790   -3.1134   -2.8144   -2.8017   -2.5976   -2.5055   -2.3168   -2.1115   -1.8386   -1.7095   -1.4674   -1.1841   -1.1763   -0.8821   -0.8545   -0.6161   -0.4784    0.7329    0.8188    0.8610    0.9915    1.7320    1.8345    1.9622    2.0189    2.0831    2.1019    4.3614    4.7931    5.7389    5.7966    5.9242    6.1799
  0.6600  -12.0574  -11.8958  -11.6393  -11.5714  -11.5002  -11.4113   -3.9123   -3.5834   -3.1087   -2.8203   -2.8057   -2.5944   -2.5066   -2.3205   -2.1184   -1.8414   -1.6954   -1.4644   -1.1855   -1.1704   -0.8850   -0.8512   -0.6151   -0.4883    0.7345    0.8190    0.8599    0.9943    1.7343    1.8332    1.9625    2.0173    2.0846    2.1022    4.3656    4.7764    5.7338    5.7959    5.9165    6.1870
  0.6660  -12.0547  -11.8977  -11.6407  -11.5702  -11.5010  -11.4115   -3.9049   -3.5879   -3.1038   -2.8264   -2.8097   -2.5911   -2.5079   -2.3238   -2.1254   -1.8441   -1.6814   -1.4613   -1.1933   -1.1581   -0.8880   -0.8482   -0.6141   -0.4982    0.7362    0.8193    0.8589    0.9970    1.7367    1.8319    1.9627    2.0158    2.0860    2.1024    4.3699    4.7600    5.7289    5.7951    5.9087    6.1937
  0.6720  -12.0519  -11.8997  -11.6420  -11.5689  -11.5019  -11.4117   -3.8973   -3.5926   -3.0988   -2.8327   -2.8137   -2.5877   -2.5092   -2.3267   -2.1325   -1.8465   -1.6675   -1.4581   -1.2013   -1.1457   -0.8909   -0.8456   -0.6132   -0.5080    0.7377    0.8196    0.8579    0.9996    1.7391    1.8305    1.9630    2.0143    2.0875    2.1027    4.3744    4.7438    5.7242    5.7943    5.9010    6.2002
  0.6779  -12.0490  -11.9018  -11.6433  -11.5676  -11.5028  -11.4119   -3.8895   -3.5974   -3.0936   -2.8390   -2.8176   -2.5843   -2.5106   -2.3293   -2.1396   -1.8487   -1.6538   -1.4549   -1.2094   -1.1333   -0.8938   -0.8434   -0.6124   -0.5177    0.7393    0.8199    0.8569    1.0020    1.7416    1.8290    1.9634    2.0128    2.0889    2.1029    4.3789    4.7279    5.7198    5.7933    5.8933    6.2063
  0.6839  -12.0461  -11.9040  -11.6446  -11.5663  -11.5037  -11.4120   -3.8817   -3.6025   -3.0883   -2.8455   -2.8215   -2.5809   -2.5121   -2.3315   -2.1467   -1.8508   -1.6402   -1.4516   -1.2176   -1.1209   -0.8966   -0.8418   -0.6116   -0.5271    0.7407    0.8202    0.8559    1.0043    1.7442    1.8275    1.9637    2.0114    2.0902    2.1031    4.3837    4.7123    5.7156    5.7922    5.8856    6.2121
  0.6898  -12.0430  -11.9063  -11.6459  -11.5649  -11.5047  -11.4122   -3.8737   -3.6077   -3.0828   -2.8520   -2.8253   -2.5774   -2.5136   -2.3335   -2.1538   -1.8527   -1.6268   -1.4482   -1.2258   -1.1086   -0.8994   -0.8406   -0.6109   -0.5361    0.7420    0.8206    0.8548    1.0065    1.7469    1.8259    1.9641    2.0100    2.0916    2.1033    4.3885    4.6970    5.7117    5.7909    5.8781    6.2176
  0.6958  -12.0399  -11.9088  -11.6471  -11.5635  -11.5058  -11.4124   -3.8656   -3.6131   -3.0771   -2.8586   -2.8292   -2.5739   -2.5151   -2.3351   -2.1609   -1.8544   -1.6137   -1.4446   -1.2341   -1.0964   -0.9022   -0.8401   -0.6103   -0.5448    0.7433    0.8209    0.8538    1.0085    1.7496    1.8243    1.9644    2.0087    2.0929    2.1035    4.3935    4.6821    5.7081    5.7895    5.8706    6.2229
  0.7017  -12.0366  -11.9114  -11.6483  -11.5621  -11.5069  -11.4125   -3.8573   -3.6187   -3.0713   -2.8652   -2.8330   -2.5704   -2.5167   -2.3365   -2.1678   -1.8560   -1.6007   -1.4410   -1.2425   -1.0844   -0.9048   -0.8402   -0.6097   -0.5531    0.7444    0.8213    0.8527    1.0104    1.7524    1.8226    1.9648    2.0074    2.0942    2.1037    4.3985    4.6676    5.7049    5.7880    5.8633    6.2279
  0.7077  -12.0333  -11.9141  -11.6494  -11.5606  -11.5080  -11.4127   -3.8490   -3.6244   -3.0653   -2.8718   -2.8367   -2.5669   -2.5182   -2.3376   -2.1747   -1.8575   -1.5880   -1.4374   -1.2509   -1.0725   -0.9074   -0.8409   -0.6093   -0.5608    0.7455    0.8217    0.8516    1.0122    1.7552    1.8208    1.9653    2.0062    2.0954    2.1039    4.4037    4.6534    5.7020    5.7862    5.8562    6.2326
  0.7136  -12.0299  -11.9169  -11.6504  -11.5591  -11.5092  -11.4129   -3.8407   -3.6303   -3.0592   -2.8785   -2.8404   -2.5635   -2.5197   -2.3385   -2.1813   -1.8588   -1.5755   -1.4336   -1.2594   -1.0607   -0.9099   -0.8424   -0.6089   -0.5680    0.7464    0.8222    0.8505    1.0139    1.7581    1.8190    1.9657    2.0050    2.0966    2.1040    4.4090    4.6397    5.6995    5.7843    5.8493    6.2371
  0.7196  -12.0264  -11.9199  -11.6514  -11.5575  -11.5105  -11.4130   -3.8322   -3.6364   -3.0529   -2.8851   -2.8441   -2.5600   -2.5212   -2.3393   -2.1878   -1.8600   -1.5633   -1.4297   -1.2679   -1.0492   -0.9123   -0.8445   -0.6086   -0.5745    0.7473    0.8226    0.8494    1.0155    1.7610    1.8171    1.9662    2.0039    2.0976    2.1042    4.4144    4.6264    5.6975    5.7820    5.8428    6.2415
  0.7255  -12.0228  -11.9230  -11.6523  -11.5559  -11.5118  -11.4132   -3.8238   -3.6426   -3.0465   -2.8918   -2.8477   -2.5566   -2.5227   -2.3399   -2.1941   -1.8610   -1.5514   -1.4257   -1.2766   -1.0380   -0.9145   -0.8474   -0.6083   -0.5804    0.7480    0.8230    0.8482    1.0169    1.7639    1.8152    1.9666    2.0029    2.0986    2.1044    4.4200    4.6136    5.6959    5.7795    5.8367    6.2456
  0.7315  -12.0192  -11.9262  -11.6532  -11.5543  -11.5131  -11.4133   -3.8153   -3.6490   -3.0399   -2.8984   -2.8512   -2.5532   -2.5241   -2.3403   -2.2001   -1.8620   -1.5398   -1.4216   -1.2853   -1.0270   -0.9166   -0.8510   -0.6081   -0.5856    0.7486    0.8233    0.8470    1.0183    1.7669    1.8132    1.9671    2.0019    2.0994    2.1047    4.4256    4.6012    5.6949    5.7766    5.8310    6.2496
  0.7374  -12.0154  -11.9295  -11.6539  -11.5527  -11.5146  -11.4134   -3.8068   -3.6556   -3.0332   -2.9050   -2.8547   -2.5500   -2.5254   -2.3406   -2.2057   -1.8628   -1.5285   -1.4175   -1.2940   -1.0164   -0.9185   -0.8553   -0.6080   -0.5901    0.7491    0.8236    0.8458    1.0195    1.7700    1.8112    1.9676    2.0010    2.1000    2.1051    4.4313    4.5893    5.6943    5.7733    5.8259    6.2535
  0.7434  -12.0116  -11.9330  -11.6546  -11.5510  -11.5160  -11.4135   -3.7983   -3.6623   -3.0264   -2.9116   -2.8581   -2.5468   -2.5267   -2.3408   -2.2110   -1.8635   -1.5177   -1.4132   -1.3029   -1.0062   -0.9202   -0.8602   -0.6079   -0.5940    0.7496    0.8239    0.8446    1.0207    1.7730    1.8091    1.9681    2.0001    2.1004    2.1056    4.4372    4.5779    5.6942    5.7696    5.8214    6.2574
  0.7493  -12.0077  -11.9366  -11.6552  -11.5493  -11.5175  -11.4136   -3.7898   -3.6691   -3.0195   -2.9181   -2.8613   -2.5439   -2.5278   -2.3409   -2.2159   -1.8641   -1.5073   -1.4089   -1.3118   -0.9964   -0.9216   -0.8657   -0.6079   -0.5972    0.7499    0.8240    0.8434    1.0218    1.7761    1.8070    1.9687    1.9993    2.1006    2.1062    4.4431    4.5670    5.6948    5.7655    5.8174    6.2614
  0.7553  -12.0038  -11.9403  -11.6558  -11.5475  -11.5191  -11.4137   -3.7813   -3.6761   -3.0125   -2.9246   -2.8645   -2.5411   -2.5289   -2.3410   -2.2204   -1.8646   -1.4974   -1.4045   -1.3207   -0.9871   -0.9227   -0.8716   -0.6079   -0.5998    0.7501    0.8240    0.8423    1.0228    1.7792    1.8049    1.9692    1.9986    2.1006    2.1069    4.4492    4.5565    5.6958    5.7609    5.8141    6.2651
  0.7613  -11.9997  -11.9441  -11.6562  -11.5458  -11.5207  -11.4138   -3.7729   -3.6832   -3.0054   -2.9309   -2.8675   -2.5386   -2.5299   -2.3410   -2.2243   -1.8650   -1.4881   -1.4001   -1.3297   -0.9785   -0.9234   -0.8779   -0.6080   -0.6019    0.7502    0.8238    0.8412    1.0237    1.7823    1.8027    1.9697    1.9979    2.1005    2.1077    4.4553    4.5465    5.6975    5.7560    5.8114    6.2687
  0.7672  -11.9956  -11.9481  -11.6566  -11.5440  -11.5224  -11.4138   -3.7646   -3.6904   -2.9983   -2.9373   -2.8703   -2.5364   -2.5307   -2.3410   -2.2276   -1.8653   -1.4793   -1.3955   -1.3386   -0.9707   -0.9235   -0.8845   -0.6081   -0.6035    0.7502    0.8234    0.8403    1.0246    1.7855    1.8005    1.9702    1.9973    2.1003    2.1085    4.4616    4.5371    5.6998    5.7508    5.8091    6.2720
  0.7732  -11.9914  -11.9522  -11.6569  -11.5422  -11.5241  -11.4139   -3.7563   -3.6978   -2.9911   -2.9435   -2.8729   -2.5348   -2.5312   -2.3409   -2.2303   -1.8655   -1.4714   -1.3910   -1.3474   -0.9640   -0.9228   -0.8912   -0.6082   -0.6047    0.7502    0.8228    0.8395    1.0254    1.7886    1.7982    1.9708    1.9968    2.0999    2.1092    4.4680    4.5281    5.7027    5.7454    5.8074    6.2756
  0.7791  -11.9872  -11.9563  -11.6571  -11.5404  -11.5258  -11.4139   -3.7481   -3.7053   -2.9840   -2.9497   -2.8753   -2.5340   -2.5310   -2.3408   -2.2324   -1.8656   -1.4643   -1.3863   -1.3561   -0.9585   -0.9211   -0.8980   -0.6084   -0.6055    0.7501    0.8218    0.8389    1.0262    1.7918    1.7960    1.9713    1.9963    2.0995    2.1100    4.4745    4.5196    5.7063    5.7397    5.8061    6.2875
  0.7851  -11.9829  -11.9606  -11.6573  -11.5386  -11.5276  -11.4139   -3.7400   -3.7129   -2.9770   -2.9557   -2.8774   -2.5342   -2.5303   -2.3407   -2.2337   -1.8656   -1.4584   -1.3817   -1.3643   -0.9544   -0.9184   -0.9047   -0.6085   -0.6059    0.7499    0.8206    0.8384    1.0270    1.7936    1.7951    1.9718    1.9959    2.0989    2.1107    4.4811    4.5116    5.7105    5.7340    5.8052    6.2900
  0.7910  -11.9786  -11.9649  -11.6573  -11.5369  -11.5293  -11.4139   -3.7321   -3.7206   -2.9702   -2.9617   -2.8791   -2.5346   -2.5296   -2.3407   -2.2342   -1.8655   -1.4540   -1.3770   -1.3718   -0.9515   -0.9149   -0.9109   -0.6086   -0.6062    0.7497    0.8191    0.8381    1.0277    1.7914    1.7982    1.9723    1.9956    2.0983    2.1114    4.4878    4.5041    5.7153    5.7282    5.8047    6.2889
  0.7970  -11.9747  -11.9688  -11.6573  -11.5355  -11.5307  -11.4138   -3.7285   -3.7242   -2.9676   -2.9636   -2.8804   -2.5351   -2.5293   -2.3406   -2.2339   -1.8653   -1.4515   -1.3785   -1.3722   -0.9497   -0.9178   -0.9099   -0.6087   -0.6063    0.7494    0.8174    0.8378    1.0284    1.7891    1.8014    1.9728    1.9953    2.0977    2.1121    4.4945    4.4971    5.7207    5.7225    5.8044    6.2909
  0.7970  -11.9747  -11.9688  -11.6573  -11.5355  -11.5307  -11.4138   -3.7285   -3.7242   -2.9676   -2.9636   -2.8804   -2.5351   -2.5293   -2.3406   -2.2339   -1.8653   -1.4515   -1.3785   -1.3722   -0.9497   -0.9178   -0.9099   -0.6087   -0.6063    0.7494    0.8174    0.8378    1.0284    1.7891    1.8014    1.9728    1.9953    2.0977    2.1121    4.4945    4.4971    5.7207    5.7225    5.8044    6.2908
  0.8089  -11.9837  -11.9597  -11.6573  -11.5393  -11.5268  -11.4139   -3.7409   -3.7121   -2.9756   -2.9579   -2.8766   -2.5347   -2.5303   -2.3408   -2.2331   -1.8657   -1.4579   -1.3784   -1.3679   -0.9511   -0.9216   -0.9043   -0.6086   -0.6061    0.7491    0.8198    0.8395    1.0263    1.7882    1.8013    1.9721    1.9960    2.0986    2.1109    4.4819    4.5108    5.7092    5.7354    5.8051    6.2890
  0.8208  -11.9931  -11.9503  -11.6570  -11.5434  -11.5227  -11.4140   -3.7571   -3.6973   -2.9863   -2.9525   -2.8687   -2.5361   -2.5310   -2.3411   -2.2288   -1.8656   -1.4734   -1.3781   -1.3587   -0.9522   -0.9291   -0.8947   -0.6083   -0.6057    0.7488    0.8219    0.8407    1.0241    1.7829    1.8057    1.9715    1.9967    2.0990    2.1097    4.4709    4.5252    5.6976    5.7511    5.8068    6.2725
  0.8327  -12.0029  -11.9407  -11.6564  -11.5477  -11.5186  -11.4140   -3.7736   -3.6830   -2.9965   -2.9502   -2.8569   -2.5392   -2.5319   -2.3417   -2.2208   -1.8649   -1.4947   -1.3761   -1.3495   -0.9527   -0.9340   -0.8872   -0.6078   -0.6051    0.7486    0.8235    0.8416    1.0220    1.7770    1.8110    1.9709    1.9975    2.0988    2.1087    4.4618    4.5401    5.6861    5.7696    5.8096    6.2608
  0.8446  -12.0130  -11.9308  -11.6555  -11.5522  -11.5144  -11.4138   -3.7904   -3.6695   -3.0064   -2.9502   -2.8421   -2.5439   -2.5325   -2.3425   -2.2094   -1.8636   -1.5196   -1.3746   -1.3405   -0.9524   -0.9359   -0.8822   -0.6073   -0.6042    0.7483    0.8246    0.8422    1.0201    1.7711    1.8165    1.9703    1.9984    2.0979    2.1079    4.4543    4.5556    5.6746    5.7906    5.8133    6.2468
  0.8565  -12.0234  -11.9208  -11.6544  -11.5569  -11.5102  -11.4136   -3.8073   -3.6568   -3.0158   -2.9516   -2.8252   -2.5504   -2.5329   -2.3437   -2.1946   -1.8616   -1.5471   -1.3744   -1.3318   -0.9512   -0.9353   -0.8796   -0.6071   -0.6030    0.7482    0.8253    0.8425    1.0185    1.7655    1.8219    1.9698    1.9993    2.0961    2.1075    4.4485    4.5717    5.6630    5.8142    5.8180    6.2307
  0.8684  -12.0340  -11.9105  -11.6530  -11.5617  -11.5058  -11.4134   -3.8244   -3.6448   -3.0247   -2.9537   -2.8069   -2.5584   -2.5330   -2.3452   -2.1770   -1.8588   -1.5766   -1.3758   -1.3234   -0.9487   -0.9322   -0.8795   -0.6072   -0.6013    0.7480    0.8253    0.8426    1.0172    1.7604    1.8271    1.9693    2.0003    2.0938    2.1072    4.4442    4.5884    5.6511    5.8235    5.8405    6.2122
  0.8803  -12.0448  -11.9000  -11.6514  -11.5667  -11.5015  -11.4130   -3.8415   -3.6337   -3.0332   -2.9562   -2.7878   -2.5675   -2.5330   -2.3470   -2.1568   -1.8549   -1.6077   -1.3787   -1.3153   -0.9453   -0.9271   -0.8815   -0.6079   -0.5993    0.7480    0.8249    0.8427    1.0164    1.7557    1.8320    1.9689    2.0013    2.0909    2.1069    4.4413    4.6058    5.6388    5.8299    5.8689    6.1918
  0.8922  -12.0559  -11.8894  -11.6495  -11.5719  -11.4971  -11.4126   -3.8586   -3.6233   -3.0411   -2.9588   -2.7681   -2.5774   -2.5328   -2.3491   -2.1345   -1.8498   -1.6402   -1.3831   -1.3078   -0.9415   -0.9199   -0.8854   -0.6089   -0.5971    0.7479    0.8240    0.8426    1.0160    1.7515    1.8367    1.9685    2.0023    2.0877    2.1065    4.4397    4.6237    5.6260    5.8373    5.8994    6.1700
  0.9041  -12.0670  -11.8787  -11.6475  -11.5771  -11.4927  -11.4121   -3.8757   -3.6138   -3.0486   -2.9614   -2.7481   -2.5879   -2.5327   -2.3516   -2.1109   -1.8431   -1.6739   -1.3885   -1.3007   -0.9380   -0.9110   -0.8903   -0.6103   -0.5948    0.7479    0.8227    0.8426    1.0160    1.7478    1.8411    1.9682    2.0033    2.0842    2.1059    4.4393    4.6423    5.6123    5.8456    5.9318    6.1473
  0.9160  -12.0783  -11.8678  -11.6454  -11.5825  -11.4882  -11.4116   -3.8927   -3.6050   -3.0555   -2.9639   -2.7279   -2.5989   -2.5326   -2.3543   -2.0864   -1.8343   -1.7084   -1.3948   -1.2941   -0.9361   -0.9017   -0.8942   -0.6118   -0.5926    0.7479    0.8211    0.8425    1.0165    1.7448    1.8452    1.9680    2.0043    2.0804    2.1052    4.4400    4.6615    5.5977    5.8548    5.9658    6.1243
  0.9279  -12.0896  -11.8568  -11.6431  -11.5879  -11.4838  -11.4110   -3.9097   -3.5969   -3.0619   -2.9662   -2.7078   -2.6100   -2.5328   -2.3573   -2.0618   -1.8231   -1.7436   -1.4019   -1.2880   -0.9378   -0.8993   -0.8877   -0.6134   -0.5906    0.7480    0.8194    0.8424    1.0173    1.7424    1.8489    1.9679    2.0053    2.0765    2.1043    4.4415    4.6813    5.5820    5.8648    6.0008    6.1015
  0.9398  -12.1010  -11.8457  -11.6406  -11.5934  -11.4793  -11.4104   -3.9264   -3.5896   -3.0678   -2.9682   -2.6878   -2.6211   -2.5332   -2.3606   -2.0381   -1.8089   -1.7791   -1.4095   -1.2825   -0.9448   -0.8976   -0.8762   -0.6147   -0.5889    0.7480    0.8177    0.8425    1.0185    1.7405    1.8522    1.9678    2.0063    2.0724    2.1032    4.4439    4.7015    5.5653    5.8755    6.0364    6.0794
  0.9518  -12.1123  -11.8345  -11.6381  -11.5989  -11.4749  -11.4097   -3.9430   -3.5829   -3.0731   -2.9700   -2.6681   -2.6320   -2.5341   -2.3639   -2.0161   -1.8164   -1.7893   -1.4176   -1.2776   -0.9559   -0.8930   -0.8642   -0.6155   -0.5876    0.7479    0.8159    0.8427    1.0200    1.7394    1.8552    1.9676    2.0072    2.0682    2.1019    4.4470    4.7221    5.5476    5.8864    6.0586    6.0718
  0.9637  -12.1237  -11.8233  -11.6356  -11.6044  -11.4705  -11.4089   -3.9594   -3.5768   -3.0779   -2.9715   -2.6507   -2.6406   -2.5355   -2.3674   -1.9964   -1.8522   -1.7669   -1.4262   -1.2733   -0.9699   -0.8867   -0.8524   -0.6156   -0.5867    0.7478    0.8144    0.8431    1.0217    1.7389    1.8578    1.9674    2.0081    2.0639    2.1005    4.4506    4.7428    5.5290    5.8969    6.0402    6.1064
  0.9756  -12.1350  -11.8120  -11.6331  -11.6098  -11.4661  -11.4082   -3.9755   -3.5712   -3.0821   -2.9726   -2.6550   -2.6277   -2.5376   -2.3708   -1.9795   -1.8884   -1.7396   -1.4351   -1.2697   -0.9855   -0.8794   -0.8413   -0.6145   -0.5862    0.7477    0.8129    0.8438    1.0236    1.7391    1.8602    1.9671    2.0089    2.0597    2.0988    4.4546    4.7636    5.5098    5.9054    6.0255    6.1389
  0.9875  -12.1463  -11.8008  -11.6310  -11.6148  -11.4617  -11.4074   -3.9914   -3.5662   -3.0857   -2.9735   -2.6649   -2.6092   -2.5405   -2.3741   -1.9654   -1.9243   -1.7080   -1.4445   -1.2667   -1.0024   -0.8717   -0.8311   -0.6121   -0.5862    0.7475    0.8117    0.8448    1.0255    1.7399    1.8623    1.9665    2.0096    2.0557    2.0969    4.4589    4.7841    5.4903    5.9095    6.0170    6.1684
  0.9994  -12.1574  -11.7895  -11.6300  -11.6186  -11.4574  -11.4066   -4.0069   -3.5617   -3.0887   -2.9741   -2.6747   -2.5908   -2.5444   -2.3772   -1.9600   -1.9535   -1.6726   -1.4542   -1.2646   -1.0199   -0.8638   -0.8222   -0.6080   -0.5866    0.7472    0.8107    0.8462    1.0275    1.7414    1.8641    1.9657    2.0101    2.0519    2.0949    4.4634    4.8040    5.4709    5.9068    6.0171    6.1938
  1.0113  -12.1685  -11.7782  -11.6318  -11.6196  -11.4532  -11.4058   -4.0221   -3.5576   -3.0911   -2.9744   -2.6841   -2.5730   -2.5492   -2.3801   -1.9949   -1.9439   -1.6340   -1.4645   -1.2635   -1.0377   -0.8557   -0.8146   -0.6021   -0.5874    0.7469    0.8100    0.8481    1.0295    1.7436    1.8658    1.9644    2.0104    2.0485    2.0928    4.4679    4.8228    5.4522    5.8973    6.0254    6.2144
  1.0232  -12.1794  -11.7670  -11.6360  -11.6180  -11.4490  -11.4050   -4.0370   -3.5539   -3.0928   -2.9743   -2.6930   -2.5591   -2.5517   -2.3826   -2.0293   -1.9358   -1.5931   -1.4751   -1.2636   -1.0553   -0.8477   -0.8084   -0.5945   -0.5883    0.7466    0.8095    0.8504    1.0314    1.7464    1.8673    1.9626    2.0104    2.0456    2.0905    4.4723    4.8400    5.4348    5.8833    6.0397    6.2301
  1.0351  -12.1901  -11.7558  -11.6410  -11.6156  -11.4449  -11.4041   -4.0515   -3.5506   -3.0939   -2.9740   -2.7014   -2.5641   -2.5371   -2.3847   -2.0629   -1.9289   -1.5506   -1.4863   -1.2652   -1.0720   -0.8398   -0.8035   -0.5910   -0.5836    0.7462    0.8092    0.8533    1.0332    1.7498    1.8688    1.9602    2.0101    2.0433    2.0881    4.4766    4.8549    5.4195    5.8669    6.0575    6.2417
  1.0470  -12.2006  -11.7448  -11.6463  -11.6128  -11.4409  -11.4033   -4.0656   -3.5477   -3.0944   -2.9733   -2.7091   -2.5727   -2.5207   -2.3865   -2.0956   -1.9230   -1.5074   -1.4979   -1.2689   -1.0871   -0.8320   -0.7997   -0.5925   -0.5725    0.7458    0.8091    0.8567    1.0348    1.7539    1.8702    1.9571    2.0095    2.0416    2.0856    4.4807    4.8668    5.4071    5.8493    6.0772    6.2552
  1.0589  -12.2109  -11.7338  -11.6517  -11.6099  -11.4369  -11.4024   -4.0794   -3.5450   -3.0942   -2.9724   -2.7162   -2.5828   -2.5046   -2.3880   -2.1272   -1.9178   -1.5103   -1.4636   -1.2750   -1.0996   -0.8243   -0.7966   -0.5946   -0.5596    0.7455    0.8092    0.8606    1.0362    1.7585    1.8715    1.9533    2.0086    2.0404    2.0830    4.4844    4.8749    5.3985    5.8312    6.0977    6.2813
  1.0708  -12.2210  -11.7229  -11.6570  -11.6070  -11.4331  -11.4016   -4.0927   -3.5426   -3.0933   -2.9712   -2.7227   -2.5942   -2.4891   -2.3892   -2.1576   -1.9131   -1.5231   -1.4209   -1.2842   -1.1086   -0.8165   -0.7940   -0.5970   -0.5456    0.7452    0.8095    0.8651    1.0374    1.7637    1.8729    1.9489    2.0075    2.0398    2.0805    4.4877    4.8786    5.3944    5.8129    6.1181    6.2698
  1.0827  -12.2309  -11.7123  -11.6623  -11.6040  -11.4293  -11.4007   -4.1056   -3.5405   -3.0918   -2.9698   -2.7285   -2.6068   -2.4741   -2.3903   -2.1868   -1.9089   -1.5363   -1.3802   -1.2965   -1.1129   -0.8085   -0.7916   -0.5996   -0.5306    0.7450    0.8099    0.8700    1.0384    1.7694    1.8743    1.9439    2.0062    2.0395    2.0780    4.4906    4.8773    5.3952    5.7946    6.1371    6.2453
  1.0946  -12.2405  -11.7017  -11.6675  -11.6011  -11.4257  -11.3999   -4.1180   -3.5387   -3.0895   -2.9681   -2.7336   -2.6205   -2.4597   -2.3915   -2.2145   -1.9050   -1.5499   -1.3429   -1.3119   -1.1117   -0.8001   -0.7892   -0.6024   -0.5149    0.7448    0.8104    0.8754    1.0390    1.7756    1.8756    1.9385    2.0046    2.0395    2.0755    4.4930    4.8709    5.4011    5.7765    6.1537    6.2174
  1.1065  -12.2498  -11.6914  -11.6725  -11.5982  -11.4222  -11.3991   -4.1300   -3.5370   -3.0866   -2.9662   -2.7379   -2.6352   -2.4459   -2.3931   -2.2405   -1.9014   -1.5639   -1.3307   -1.3099   -1.1040   -0.7910   -0.7867   -0.6053   -0.4987    0.7447    0.8109    0.8813    1.0395    1.7823    1.8769    1.9328    2.0029    2.0395    2.0733    4.4949    4.8597    5.4119    5.7587    6.1658    6.1878
  1.1184  -12.2589  -11.6813  -11.6775  -11.5953  -11.4189  -11.3983   -4.1416   -3.5356   -3.0829   -2.9640   -2.7416   -2.6507   -2.4328   -2.3953   -2.2644   -1.8980   -1.5783   -1.3510   -1.2843   -1.0896   -0.7838   -0.7807   -0.6085   -0.4823    0.7447    0.8116    0.8875    1.0396    1.7894    1.8781    1.9270    2.0009    2.0396    2.0712    4.4962    4.8441    5.4270    5.7412    6.1527    6.1761
  1.1304  -12.2676  -11.6823  -11.6713  -11.5925  -11.4156  -11.3975   -4.1527   -3.5343   -3.0785   -2.9617   -2.7446   -2.6668   -2.4208   -2.3986   -2.2858   -1.8948   -1.5928   -1.3730   -1.2654   -1.0691   -0.7806   -0.7685   -0.6118   -0.4657    0.7447    0.8123    0.8941    1.0395    1.7969    1.8788    1.9214    1.9986    2.0397    2.0693    4.4970    4.8248    5.4456    5.7242    6.1189    6.1773
  1.1423  -12.2760  -11.6870  -11.6617  -11.5898  -11.4125  -11.3967   -4.1633   -3.5333   -3.0734   -2.9592   -2.7468   -2.6835   -2.4129   -2.4005   -2.3039   -1.8918   -1.6075   -1.3962   -1.2526   -1.0447   -0.7770   -0.7540   -0.6153   -0.4491    0.7449    0.8130    0.9009    1.0391    1.8047    1.8789    1.9165    1.9961    2.0396    2.0678    4.4973    4.8025    5.4667    5.7078    6.0828    6.1734
  1.1542  -12.2841  -11.6915  -11.6524  -11.5871  -11.4096  -11.3960   -4.1734   -3.5324   -3.0676   -2.9566   -2.7485   -2.7004   -2.4177   -2.3934   -2.3180   -1.8889   -1.6222   -1.4202   -1.2443   -1.0189   -0.7730   -0.7363   -0.6190   -0.4326    0.7452    0.8137    0.9078    1.0385    1.8128    1.8779    1.9127    1.9933    2.0393    2.0665    4.4970    4.7779    5.4892    5.6923    6.0453    6.1654
  1.1661  -12.2918  -11.6958  -11.6433  -11.5846  -11.4068  -11.3952   -4.1831   -3.5316   -3.0611   -2.9538   -2.7494   -2.7175   -2.4295   -2.3833   -2.3280   -1.8861   -1.6368   -1.4446   -1.2392   -0.9941   -0.7685   -0.7149   -0.6229   -0.4163    0.7455    0.8144    0.9148    1.0377    1.8211    1.8753    1.9105    1.9904    2.0388    2.0655    4.4964    4.7517    5.5116    5.6784    6.0068    6.1549
  1.1780  -12.2992  -11.7000  -11.6346  -11.5821  -11.4042  -11.3945   -4.1922   -3.5310   -3.0539   -2.9510   -2.7498   -2.7345   -2.4448   -2.3734   -2.3342   -1.8834   -1.6513   -1.4691   -1.2363   -0.9718   -0.7637   -0.6895   -0.6270   -0.4004    0.7460    0.8151    0.9216    1.0367    1.8295    1.8713    1.9099    1.9872    2.0382    2.0648    4.4952    4.7244    5.5318    5.6674    5.9682    6.1437
  1.1899  -12.3062  -11.7039  -11.6262  -11.5797  -11.4017  -11.3939   -4.2009   -3.5305   -3.0460   -2.9481   -2.7520   -2.7489   -2.4624   -2.3642   -2.3375   -1.8807   -1.6654   -1.4935   -1.2349   -0.9527   -0.7586   -0.6605   -0.6312   -0.3849    0.7465    0.8157    0.9283    1.0357    1.8379    1.8661    1.9106    1.9840    2.0373    2.0642    4.4938    4.6964    5.5465    5.6617    5.9300    6.1332
  1.2018  -12.3128  -11.7077  -11.6182  -11.5774  -11.3994  -11.3933   -4.2091   -3.5301   -3.0374   -2.9451   -2.7681   -2.7486   -2.4813   -2.3562   -2.3383   -1.8782   -1.6792   -1.5176   -1.2346   -0.9369   -0.7533   -0.6358   -0.6282   -0.3698    0.7472    0.8163    0.9346    1.0346    1.8462    1.8603    1.9121    1.9809    2.0363    2.0638    4.4920    4.6683    5.5520    5.6643    5.8929    6.1245
  1.2137  -12.3191  -11.7112  -11.6105  -11.5753  -11.3972  -11.3927   -4.2167   -3.5298   -3.0282   -2.9421   -2.7841   -2.7474   -2.5009   -2.3502   -2.3365   -1.8757   -1.6925   -1.5412   -1.2351   -0.9239   -0.7478   -0.6403   -0.5939   -0.3553    0.7480    0.8169    0.9404    1.0336    1.8518    1.8567    1.9140    1.9781    2.0351    2.0635    4.4899    4.6403    5.5474    5.6750    5.8577    6.1186
  1.2256  -12.3249  -11.7146  -11.6033  -11.5732  -11.3952  -11.3921   -4.2239   -3.5296   -3.0183   -2.9392   -2.7996   -2.7458   -2.5209   -2.3470   -2.3319   -1.8732   -1.7051   -1.5643   -1.2361   -0.9132   -0.7422   -0.6450   -0.5583   -0.3414    0.7489    0.8174    0.9457    1.0326    1.8468    1.8635    1.9160    1.9756    2.0338    2.0632    4.4876    4.6129    5.5355    5.6902    5.8250    6.1164
  1.2375  -12.3304  -11.7177  -11.5965  -11.5713  -11.3934  -11.3916   -4.2305   -3.5295   -3.0078   -2.9363   -2.8143   -2.7438   -2.5410   -2.3453   -2.3258   -1.8707   -1.7172   -1.5866   -1.2376   -0.9043   -0.7365   -0.6497   -0.5224   -0.3282    0.7499    0.8178    0.9502    1.0318    1.8406    1.8711    1.9180    1.9738    2.0324    2.0628    4.4853    4.5863    5.5193    5.7063    5.7953    6.1185
  1.2494  -12.3354  -11.7206  -11.5901  -11.5696  -11.3917  -11.3911   -4.2366   -3.5295   -2.9967   -2.9335   -2.8282   -2.7416   -2.5611   -2.3442   -2.3195   -1.8682   -1.7285   -1.6080   -1.2395   -0.8968   -0.7310   -0.6545   -0.4869   -0.3158    0.7510    0.8183    0.9540    1.0312    1.8345    1.8781    1.9197    1.9730    2.0310    2.0624    4.4828    4.5607    5.5006    5.7205    5.7694    6.1254
  1.2613  -12.3400  -11.7233  -11.5843  -11.5679  -11.3907  -11.3902   -4.2422   -3.5295   -2.9852   -2.9308   -2.8411   -2.7392   -2.5810   -2.3432   -2.3136   -1.8657   -1.7390   -1.6283   -1.2415   -0.8903   -0.7256   -0.6593   -0.4525   -0.3042    0.7522    0.8186    0.9570    1.0308    1.8286    1.8843    1.9214    1.9731    2.0295    2.0618    4.4803    4.5366    5.4805    5.7287    5.7504    6.1374
  1.2732  -12.3442  -11.7257  -11.5789  -11.5664  -11.3902  -11.3889   -4.2473   -3.5295   -2.9732   -2.9282   -2.8531   -2.7366   -2.6006   -2.3423   -2.3080   -1.8632   -1.7486   -1.6475   -1.2436   -0.8846   -0.7205   -0.6639   -0.4197   -0.2935    0.7535    0.8190    0.9593    1.0307    1.8231    1.8893    1.9230    1.9743    2.0279    2.0609    4.4779    4.5140    5.4599    5.7193    5.7493    6.1543
  1.2851  -12.3480  -11.7279  -11.5740  -11.5651  -11.3899  -11.3877   -4.2519   -3.5296   -2.9610   -2.9258   -2.8639   -2.7341   -2.6198   -2.3414   -2.3030   -1.8607   -1.7573   -1.6654   -1.2458   -0.8796   -0.7157   -0.6685   -0.3892   -0.2837    0.7548    0.8193    0.9608    1.0307    1.8180    1.8929    1.9250    1.9764    2.0264    2.0599    4.4756    4.4931    5.4394    5.7036    5.7548    6.1759
  1.2970  -12.3514  -11.7298  -11.5697  -11.5639  -11.3895  -11.3866   -4.2559   -3.5297   -2.9485   -2.9237   -2.8736   -2.7316   -2.6384   -2.3406   -2.2986   -1.8581   -1.7650   -1.6819   -1.2480   -0.8752   -0.7112   -0.6727   -0.3614   -0.2748    0.7561    0.8196    0.9617    1.0309    1.8133    1.8950    1.9274    1.9794    2.0250    2.0586    4.4734    4.4743    5.4198    5.6896    5.7591    6.2014
  1.3090  -12.3543  -11.7315  -11.5659  -11.5628  -11.3893  -11.3858   -4.2594   -3.5298   -2.9362   -2.9217   -2.8820   -2.7293   -2.6561   -2.3399   -2.2948   -1.8556   -1.7718   -1.6968   -1.2500   -0.8712   -0.7073   -0.6767   -0.3365   -0.2670    0.7573    0.8199    0.9621    1.0311    1.8091    1.8958    1.9302    1.9829    2.0237    2.0570    4.4576    4.4715    5.4017    5.6777    5.7619    6.2303
  1.3209  -12.3567  -11.7329  -11.5628  -11.5618  -11.3890  -11.3850   -4.2623   -3.5299   -2.9248   -2.9193   -2.8891   -2.7273   -2.6727   -2.3393   -2.2915   -1.8532   -1.7775   -1.7100   -1.2518   -0.8678   -0.7038   -0.6802   -0.3150   -0.2601    0.7584    0.8201    0.9622    1.0314    1.8055    1.8958    1.9330    1.9868    2.0227    2.0552    4.4432    4.4698    5.3855    5.6680    5.7634    6.2618
  1.3328  -12.3587  -11.7341  -11.5613  -11.5598  -11.3888  -11.3844   -4.2648   -3.5300   -2.9200   -2.9114   -2.8948   -2.7257   -2.6877   -2.3388   -2.2888   -1.8509   -1.7821   -1.7212   -1.2533   -0.8649   -0.7010   -0.6831   -0.2972   -0.2543    0.7593    0.8204    0.9620    1.0317    1.8025    1.8953    1.9355    1.9908    2.0219    2.0530    4.4313    4.4683    5.3717    5.6602    5.7641    6.2952
  1.3447  -12.3603  -11.7350  -11.5607  -11.5578  -11.3887  -11.3839   -4.2667   -3.5300   -2.9189   -2.9015   -2.8990   -2.7248   -2.7003   -2.3384   -2.2867   -1.8489   -1.7857   -1.7303   -1.2546   -0.8626   -0.6988   -0.6855   -0.2834   -0.2495    0.7600    0.8206    0.9618    1.0320    1.8000    1.8948    1.9375    1.9948    2.0215    2.0505    4.4219    4.4671    5.3606    5.6544    5.7643    6.3302
  1.3566  -12.3614  -11.7357  -11.5603  -11.5563  -11.3886  -11.3836   -4.2680   -3.5301   -2.9184   -2.9021   -2.8931   -2.7251   -2.7094   -2.3381   -2.2853   -1.8473   -1.7882   -1.7371   -1.2555   -0.8609   -0.6974   -0.6871   -0.2736   -0.2457    0.7604    0.8208    0.9617    1.0322    1.7982    1.8943    1.9388    1.9986    2.0215    2.0477    4.4151    4.4663    5.3525    5.6503    5.7643    6.3661
  1.3685  -12.3621  -11.7360  -11.5600  -11.5554  -11.3885  -11.3834   -4.2688   -3.5301   -2.9182   -2.9037   -2.8875   -2.7267   -2.7140   -2.3379   -2.2844   -1.8464   -1.7897   -1.7412   -1.2561   -0.8599   -0.6966   -0.6880   -0.2678   -0.2433    0.7605    0.8210    0.9616    1.0324    1.7970    1.8942    1.9393    2.0020    2.0218    2.0449    4.4110    4.4658    5.3476    5.6479    5.7642    6.4029
  1.3804  -12.3623  -11.7362  -11.5600  -11.5551  -11.3885  -11.3833   -4.2691   -3.5302   -2.9181   -2.9043   -2.8856   -2.7277   -2.7151   -2.3379   -2.2841   -1.8462   -1.7902   -1.7424   -1.2563   -0.8596   -0.6963   -0.6883   -0.2659   -0.2424    0.7602    0.8212    0.9617    1.0325    1.7964    1.8943    1.9389    2.0051    2.0222    2.0421    4.4097    4.4657    5.3459    5.6471    5.7641    6.4466
