#K-Path     Band-1    Band-2    Band-3    Band-4      ...     Band-n
  0.0000  -12.6043  -11.9685  -11.8150  -11.8101  -11.6866  -11.6826   -6.8486   -6.8326   -6.8266   -6.8076   -6.7700   -6.7620   -6.6980   -6.6737   -6.5228   -6.4760   -4.6278   -3.7935   -3.1541   -3.0092   -3.0063   -2.5669   -2.5540   -1.7693   -1.5115   -1.1138   -1.1017   -1.0606   -0.7820   -0.7759   -0.3898   -0.3810   -0.2936   -0.2872    3.5379    3.8583    5.1072    5.4868    5.5363    6.0116
  0.0103  -12.6041  -11.9684  -11.8151  -11.8102  -11.6867  -11.6827   -6.8486   -6.8325   -6.8268   -6.8077   -6.7699   -6.7621   -6.6980   -6.6737   -6.5228   -6.4760   -4.6276   -3.7935   -3.1547   -3.0089   -3.0063   -2.5671   -2.5526   -1.7686   -1.5117   -1.1137   -1.1021   -1.0605   -0.7817   -0.7757   -0.3910   -0.3832   -0.2929   -0.2871    3.5382    3.8592    5.1085    5.4860    5.5367    6.0121
  0.0206  -12.6036  -11.9681  -11.8154  -11.8106  -11.6868  -11.6828   -6.8486   -6.8328   -6.8266   -6.8078   -6.7697   -6.7622   -6.6979   -6.6738   -6.5227   -6.4760   -4.6268   -3.7936   -3.1566   -3.0083   -3.0059   -2.5677   -2.5486   -1.7663   -1.5121   -1.1133   -1.1031   -1.0603   -0.7809   -0.7752   -0.3946   -0.3895   -0.2911   -0.2870    3.5391    3.8619    5.1125    5.4837    5.5378    6.0077
  0.0309  -12.6028  -11.9677  -11.8161  -11.8112  -11.6870  -11.6829   -6.8486   -6.8334   -6.8262   -6.8081   -6.7694   -6.7625   -6.6979   -6.6738   -6.5227   -6.4759   -4.6256   -3.7937   -3.1595   -3.0085   -3.0041   -2.5687   -2.5419   -1.7625   -1.5129   -1.1128   -1.1048   -1.0599   -0.7794   -0.7744   -0.4015   -0.3982   -0.2890   -0.2865    3.5405    3.8664    5.1190    5.4798    5.5396    6.0049
  0.0412  -12.6016  -11.9672  -11.8171  -11.8120  -11.6872  -11.6832   -6.8486   -6.8342   -6.8256   -6.8085   -6.7689   -6.7627   -6.6978   -6.6738   -6.5226   -6.4758   -4.6239   -3.7939   -3.1635   -3.0093   -3.0010   -2.5702   -2.5326   -1.7572   -1.5140   -1.1125   -1.1067   -1.0593   -0.7775   -0.7732   -0.4139   -0.4065   -0.2883   -0.2848    3.5426    3.8725    5.1281    5.4742    5.5422    6.0014
  0.0516  -12.6001  -11.9664  -11.8186  -11.8127  -11.6876  -11.6835   -6.8486   -6.8351   -6.8251   -6.8089   -6.7684   -6.7631   -6.6978   -6.6739   -6.5225   -6.4756   -4.6218   -3.7942   -3.1685   -3.0104   -2.9969   -2.5720   -2.5210   -1.7505   -1.5154   -1.1134   -1.1076   -1.0585   -0.7750   -0.7718   -0.4296   -0.4159   -0.2887   -0.2826    3.5452    3.8803    5.1396    5.4670    5.5455    5.9979
  0.0619  -12.5983  -11.9655  -11.8206  -11.8135  -11.6880  -11.6839   -6.8486   -6.8361   -6.8246   -6.8094   -6.7679   -6.7633   -6.6978   -6.6739   -6.5225   -6.4753   -4.6191   -3.7945   -3.1742   -3.0118   -2.9918   -2.5742   -2.5071   -1.7424   -1.5172   -1.1164   -1.1069   -1.0575   -0.7723   -0.7700   -0.4476   -0.4267   -0.2896   -0.2807    3.5483    3.8896    5.1534    5.4582    5.5496    5.9933
  0.0722  -12.5961  -11.9644  -11.8231  -11.8143  -11.6885  -11.6843   -6.8486   -6.8371   -6.8241   -6.8098   -6.7675   -6.7635   -6.6977   -6.6739   -6.5224   -6.4750   -4.6160   -3.7949   -3.1806   -3.0133   -2.9858   -2.5766   -2.4912   -1.7330   -1.5194   -1.1206   -1.1054   -1.0563   -0.7697   -0.7674   -0.4677   -0.4389   -0.2910   -0.2796    3.5519    3.9003    5.1695    5.4477    5.5545    5.9877
  0.0825  -12.5936  -11.9632  -11.8260  -11.8151  -11.6892  -11.6848   -6.8487   -6.8381   -6.8238   -6.8103   -6.7674   -6.7633   -6.6977   -6.6739   -6.5224   -6.4747   -4.6124   -3.7954   -3.1875   -3.0149   -2.9790   -2.5793   -2.4735   -1.7224   -1.5220   -1.1254   -1.1036   -1.0549   -0.7677   -0.7639   -0.4895   -0.4522   -0.2930   -0.2791    3.5560    3.9123    5.1875    5.4357    5.5603    5.9813
  0.0928  -12.5907  -11.9618  -11.8294  -11.8160  -11.6898  -11.6854   -6.8488   -6.8390   -6.8236   -6.8107   -6.7676   -6.7628   -6.6978   -6.6739   -6.5223   -6.4743   -4.6084   -3.7959   -3.1948   -3.0166   -2.9713   -2.5821   -2.4542   -1.7107   -1.5251   -1.1306   -1.1018   -1.0531   -0.7661   -0.7597   -0.5130   -0.4664   -0.2955   -0.2795    3.5606    3.9253    5.2074    5.4223    5.5669    5.9743
  0.1031  -12.5876  -11.9603  -11.8332  -11.8168  -11.6906  -11.6860   -6.8489   -6.8399   -6.8236   -6.8110   -6.7682   -6.7620   -6.6978   -6.6740   -6.5223   -6.4738   -4.6039   -3.7965   -3.2023   -3.0183   -2.9628   -2.5851   -2.4334   -1.6978   -1.5286   -1.1362   -1.1000   -1.0510   -0.7647   -0.7551   -0.5378   -0.4814   -0.2987   -0.2807    3.5655    3.9393    5.2289    5.4077    5.5745    5.9668
  0.1134  -12.5841  -11.9586  -11.8374  -11.8178  -11.6915  -11.6867   -6.8492   -6.8408   -6.8237   -6.8112   -6.7688   -6.7610   -6.6979   -6.6740   -6.5223   -6.4733   -4.5990   -3.7972   -3.2099   -3.0200   -2.9535   -2.5881   -2.4113   -1.6840   -1.5327   -1.1420   -1.0986   -1.0483   -0.7639   -0.7502   -0.5638   -0.4969   -0.3024   -0.2827    3.5708    3.9541    5.2517    5.3922    5.5831    5.9588
  0.1237  -12.5803  -11.9568  -11.8421  -11.8187  -11.6925  -11.6875   -6.8495   -6.8415   -6.8241   -6.8112   -6.7696   -6.7600   -6.6980   -6.6739   -6.5223   -6.4728   -4.5936   -3.7980   -3.2176   -3.0215   -2.9435   -2.5911   -2.3882   -1.6693   -1.5372   -1.1480   -1.0978   -1.0452   -0.7639   -0.7450   -0.5904   -0.5126   -0.3067   -0.2854    3.5763    3.9694    5.2757    5.3761    5.5928    5.9504
  0.1340  -12.5762  -11.9548  -11.8471  -11.8197  -11.6936  -11.6882   -6.8500   -6.8420   -6.8246   -6.8112   -6.7704   -6.7588   -6.6981   -6.6739   -6.5224   -6.4722   -4.5878   -3.7988   -3.2253   -3.0229   -2.9327   -2.5940   -2.3641   -1.6538   -1.5422   -1.1541   -1.0977   -1.0414   -0.7652   -0.7396   -0.6171   -0.5282   -0.3116   -0.2888    3.5822    3.9850    5.3003    5.3597    5.6036    5.9419
  0.1444  -12.5718  -11.9526  -11.8524  -11.8208  -11.6947  -11.6891   -6.8506   -6.8424   -6.8253   -6.8111   -6.7712   -6.7577   -6.6982   -6.6739   -6.5225   -6.4716   -4.5816   -3.7997   -3.2329   -3.0240   -2.9213   -2.5968   -2.3393   -1.6376   -1.5477   -1.1601   -1.0985   -1.0370   -0.7688   -0.7340   -0.6429   -0.5434   -0.3171   -0.2930    3.5881    4.0008    5.3253    5.3434    5.6158    5.9331
  0.1547  -12.5671  -11.9503  -11.8581  -11.8219  -11.6960  -11.6899   -6.8513   -6.8427   -6.8261   -6.8109   -6.7721   -6.7565   -6.6983   -6.6739   -6.5227   -6.4710   -4.5750   -3.8007   -3.2403   -3.0248   -2.9093   -2.5994   -2.3138   -1.6209   -1.5537   -1.1660   -1.1006   -1.0320   -0.7762   -0.7283   -0.6662   -0.5580   -0.3232   -0.2979    3.5942    4.0165    5.3275    5.3504    5.6293    5.9244
  0.1650  -12.5620  -11.9479  -11.8642  -11.8230  -11.6974  -11.6908   -6.8522   -6.8429   -6.8270   -6.8107   -6.7729   -6.7553   -6.6985   -6.6738   -6.5229   -6.4703   -4.5680   -3.8018   -3.2475   -3.0252   -2.8967   -2.6018   -2.2880   -1.6037   -1.5601   -1.1716   -1.1039   -1.0266   -0.7895   -0.7224   -0.6848   -0.5716   -0.3299   -0.3034    3.6003    4.0320    5.3124    5.3752    5.6443    5.9158
  0.1753  -12.5567  -11.9453  -11.8706  -11.8242  -11.6989  -11.6917   -6.8531   -6.8429   -6.8280   -6.8105   -6.7737   -6.7542   -6.6987   -6.6738   -6.5231   -6.4697   -4.5607   -3.8030   -3.2545   -3.0252   -2.8836   -2.6039   -2.2619   -1.5862   -1.5668   -1.1770   -1.1086   -1.0207   -0.8098   -0.7166   -0.6975   -0.5839   -0.3372   -0.3095    3.6064    4.0469    5.2983    5.3992    5.6608    5.9076
  0.1856  -12.5511  -11.9427  -11.8774  -11.8254  -11.7006  -11.6926   -6.8541   -6.8429   -6.8290   -6.8102   -6.7745   -6.7530   -6.6989   -6.6738   -6.5234   -6.4689   -4.5530   -3.8043   -3.2613   -3.0247   -2.8701   -2.6057   -2.2357   -1.5740   -1.5684   -1.1818   -1.1149   -1.0145   -0.8363   -0.7108   -0.7050   -0.5946   -0.3450   -0.3161    3.6123    4.0612    5.2857    5.4221    5.6788    5.8999
  0.1959  -12.5453  -11.9398  -11.8844  -11.8266  -11.7023  -11.6936   -6.8551   -6.8429   -6.8300   -6.8100   -6.7752   -6.7519   -6.6990   -6.6737   -6.5238   -6.4682   -4.5450   -3.8056   -3.2679   -3.0235   -2.8562   -2.6070   -2.2097   -1.5814   -1.5507   -1.1862   -1.1227   -1.0081   -0.8670   -0.7097   -0.7045   -0.6034   -0.3534   -0.3234    3.6180    4.0747    5.2748    5.4438    5.6980    5.8931
  0.2062  -12.5391  -11.9369  -11.8917  -11.8279  -11.7041  -11.6946   -6.8562   -6.8427   -6.8310   -6.8098   -6.7759   -6.7507   -6.6992   -6.6737   -6.5242   -6.4674   -4.5367   -3.8070   -3.2742   -3.0217   -2.8421   -2.6079   -2.1840   -1.5889   -1.5330   -1.1898   -1.1320   -1.0016   -0.9006   -0.7119   -0.6988   -0.6102   -0.3624   -0.3311    3.6234    4.0872    5.2659    5.4639    5.7181    5.8876
  0.2165  -12.5327  -11.9338  -11.8994  -11.8291  -11.7061  -11.6956   -6.8572   -6.8426   -6.8321   -6.8097   -6.7766   -6.7496   -6.6994   -6.6736   -6.5246   -6.4667   -4.5282   -3.8085   -3.2803   -3.0192   -2.8278   -2.6082   -2.1589   -1.5964   -1.5156   -1.1927   -1.1429   -0.9951   -0.9358   -0.7132   -0.6931   -0.6148   -0.3719   -0.3393    3.6284    4.0987    5.2591    5.4823    5.7382    5.8839
  0.2269  -12.5260  -11.9307  -11.9073  -11.8304  -11.7081  -11.6966   -6.8583   -6.8425   -6.8331   -6.8095   -6.7771   -6.7486   -6.6996   -6.6736   -6.5251   -6.4659   -4.5193   -3.8101   -3.2862   -3.0159   -2.8134   -2.6078   -2.1348   -1.6038   -1.4986   -1.1946   -1.1551   -0.9886   -0.9723   -0.7140   -0.6874   -0.6172   -0.3819   -0.3479    3.6329    4.1090    5.2547    5.4991    5.7573    5.8832
  0.2372  -12.5191  -11.9274  -11.9154  -11.8317  -11.7103  -11.6976   -6.8593   -6.8423   -6.8341   -6.8094   -6.7776   -6.7476   -6.6997   -6.6736   -6.5257   -6.4651   -4.5103   -3.8118   -3.2918   -3.0117   -2.7992   -2.6067   -2.1120   -1.6107   -1.4822   -1.1955   -1.1687   -1.0094   -0.9822   -0.7146   -0.6818   -0.6175   -0.3924   -0.3569    3.6367    4.1181    5.2527    5.5142    5.7738    5.8866
  0.2475  -12.5120  -11.9246  -11.9232  -11.8330  -11.7126  -11.6986   -6.8604   -6.8421   -6.8351   -6.8094   -6.7781   -6.7466   -6.6999   -6.6735   -6.5263   -6.4643   -4.5010   -3.8136   -3.2973   -3.0066   -2.7852   -2.6047   -2.0908   -1.6169   -1.4667   -1.1952   -1.1833   -1.0469   -0.9759   -0.7151   -0.6764   -0.6156   -0.4034   -0.3663    3.6399    4.1261    5.2533    5.5277    5.7862    5.8955
  0.2578  -12.5046  -11.9326  -11.9204  -11.8343  -11.7150  -11.6996   -6.8614   -6.8420   -6.8361   -6.8094   -6.7785   -6.7457   -6.7000   -6.6735   -6.5270   -6.4635   -4.4916   -3.8154   -3.3026   -3.0005   -2.7717   -2.6017   -2.0719   -1.6221   -1.4524   -1.1986   -1.1935   -1.0845   -0.9697   -0.7157   -0.6712   -0.6119   -0.4148   -0.3760    3.6422    4.1330    5.2565    5.5396    5.7938    5.9098
  0.2681  -12.4970  -11.9414  -11.9169  -11.8355  -11.7175  -11.7006   -6.8624   -6.8418   -6.8371   -6.8094   -6.7788   -6.7448   -6.7001   -6.6735   -6.5277   -6.4627   -4.4820   -3.8173   -3.3078   -2.9934   -2.7588   -2.5976   -2.0556   -1.6257   -1.4394   -1.2146   -1.1907   -1.1217   -0.9636   -0.7164   -0.6661   -0.6066   -0.4267   -0.3860    3.6437    4.1388    5.2623    5.5501    5.7978    5.9279
  0.2784  -12.4892  -11.9504  -11.9132  -11.8368  -11.7201  -11.7016   -6.8634   -6.8417   -6.8380   -6.8094   -6.7791   -6.7440   -6.7002   -6.6735   -6.5285   -6.4620   -4.4723   -3.8192   -3.3128   -2.9853   -2.7467   -2.5921   -2.0427   -1.6274   -1.4281   -1.2307   -1.1872   -1.1575   -0.9576   -0.7173   -0.6612   -0.5998   -0.4389   -0.3962    3.6443    4.1438    5.2706    5.5590    5.7995    5.9470
  0.2887  -12.4813  -11.9596  -11.9094  -11.8380  -11.7228  -11.7026   -6.8644   -6.8415   -6.8389   -6.8095   -6.7793   -6.7432   -6.7002   -6.6735   -6.5292   -6.4612   -4.4626   -3.8212   -3.3176   -2.9762   -2.7357   -2.5851   -2.0335   -1.6267   -1.4189   -1.2469   -1.1985   -1.1760   -0.9516   -0.7183   -0.6565   -0.5920   -0.4514   -0.4065    3.6439    4.1480    5.2814    5.5665    5.7998    5.9630
  0.2990  -12.4731  -11.9690  -11.9056  -11.8392  -11.7256  -11.7035   -6.8653   -6.8415   -6.8397   -6.8095   -6.7795   -6.7424   -6.7002   -6.6735   -6.5301   -6.4605   -4.4529   -3.8232   -3.3222   -2.9660   -2.7258   -2.5765   -2.0286   -1.6233   -1.4125   -1.2628   -1.2308   -1.1703   -0.9457   -0.7196   -0.6521   -0.5834   -0.4640   -0.4170    3.6426    4.1516    5.2945    5.5727    5.7991    5.9603
  0.3093  -12.4648  -11.9785  -11.9017  -11.8404  -11.7285  -11.7045   -6.8662   -6.8415   -6.8403   -6.8096   -6.7796   -6.7417   -6.7002   -6.6735   -6.5309   -6.4597   -4.4432   -3.8253   -3.3267   -2.9546   -2.7172   -2.5664   -2.0282   -1.6171   -1.4100   -1.2783   -1.2615   -1.1618   -0.9399   -0.7210   -0.6478   -0.5745   -0.4764   -0.4276    3.6403    4.1548    5.3098    5.5775    5.7974    5.9437
  0.3197  -12.4564  -11.9881  -11.8978  -11.8415  -11.7314  -11.7054   -6.8671   -6.8419   -6.8406   -6.8097   -6.7797   -6.7411   -6.7002   -6.6735   -6.5317   -6.4590   -4.4335   -3.8274   -3.3311   -2.9423   -2.7099   -2.5547   -2.0322   -1.6081   -1.4135   -1.2930   -1.2871   -1.1519   -0.9341   -0.7227   -0.6439   -0.5661   -0.4882   -0.4383    3.6370    4.1576    5.3272    5.5811    5.7939    5.9239
  0.3300  -12.4479  -11.9977  -11.8938  -11.8426  -11.7345  -11.7063   -6.8679   -6.8425   -6.8407   -6.8098   -6.7798   -6.7405   -6.7001   -6.6736   -6.5326   -6.4583   -4.4240   -3.8296   -3.3353   -2.9288   -2.7036   -2.5417   -2.0404   -1.5967   -1.4252   -1.3072   -1.3046   -1.1410   -0.9282   -0.7245   -0.6402   -0.5596   -0.4980   -0.4488    3.6328    4.1601    5.3465    5.5835    5.7874    5.9065
  0.3403  -12.4393  -12.0074  -11.8898  -11.8436  -11.7376  -11.7072   -6.8687   -6.8432   -6.8407   -6.8099   -6.7798   -6.7400   -6.7000   -6.6736   -6.5335   -6.4577   -4.4146   -3.8317   -3.3393   -2.9143   -2.6984   -2.5275   -2.0524   -1.5833   -1.4453   -1.3199   -1.3141   -1.1296   -0.9224   -0.7265   -0.6368   -0.5574   -0.5034   -0.4594    3.6278    4.1626    5.3675    5.5849    5.7766    5.8941
  0.3506  -12.4306  -12.0171  -11.8858  -11.8446  -11.7408  -11.7080   -6.8694   -6.8438   -6.8406   -6.8100   -6.7798   -6.7395   -6.6999   -6.6736   -6.5343   -6.4571   -4.4054   -3.8338   -3.3432   -2.8988   -2.6941   -2.5124   -2.0678   -1.5684   -1.4716   -1.3313   -1.3173   -1.1178   -0.9165   -0.7286   -0.6337   -0.5617   -0.5025   -0.4697    3.6222    4.1649    5.3902    5.5855    5.7615    5.8874
  0.3609  -12.4220  -12.0268  -11.8817  -11.8456  -11.7441  -11.7088   -6.8701   -6.8445   -6.8406   -6.8101   -6.7798   -6.7391   -6.6998   -6.6737   -6.5352   -6.4565   -4.3965   -3.8359   -3.3469   -2.8824   -2.6905   -2.4965   -2.0860   -1.5529   -1.5012   -1.3413   -1.3168   -1.1059   -0.9105   -0.7307   -0.6311   -0.5713   -0.4966   -0.4799    3.6159    4.1673    5.4143    5.5853    5.7430    5.8854
  0.3712  -12.4133  -12.0364  -11.8777  -11.8465  -11.7474  -11.7096   -6.8708   -6.8451   -6.8405   -6.8102   -6.7798   -6.7387   -6.6997   -6.6737   -6.5360   -6.4559   -4.3879   -3.8380   -3.3503   -2.8650   -2.6875   -2.4800   -2.1065   -1.5372   -1.5321   -1.3497   -1.3143   -1.0942   -0.9044   -0.7328   -0.6291   -0.5835   -0.4907   -0.4872    3.6092    4.1696    5.4397    5.5844    5.7227    5.8869
  0.3815  -12.4047  -12.0459  -11.8737  -11.8473  -11.7507  -11.7103   -6.8714   -6.8456   -6.8405   -6.8102   -6.7797   -6.7383   -6.6995   -6.6738   -6.5368   -6.4554   -4.3797   -3.8400   -3.3536   -2.8467   -2.6849   -2.4632   -2.1289   -1.5633   -1.5222   -1.3561   -1.3106   -1.0829   -0.8982   -0.7348   -0.6284   -0.5961   -0.4998   -0.4783    3.6022    4.1720    5.4663    5.5830    5.7018    5.8906
  0.3918  -12.3962  -12.0553  -11.8698  -11.8480  -11.7540  -11.7109   -6.8719   -6.8461   -6.8405   -6.8103   -6.7797   -6.7380   -6.6994   -6.6738   -6.5376   -6.4549   -4.3718   -3.8419   -3.3567   -2.8277   -2.6828   -2.4463   -2.1527   -1.5941   -1.5084   -1.3603   -1.3063   -1.0723   -0.8918   -0.7367   -0.6310   -0.6066   -0.5091   -0.4687    3.5951    4.1743    5.4940    5.5812    5.6813    5.8957
  0.4021  -12.3880  -12.0643  -11.8659  -11.8486  -11.7574  -11.7116   -6.8725   -6.8466   -6.8405   -6.8103   -6.7796   -6.7377   -6.6992   -6.6739   -6.5383   -6.4544   -4.3644   -3.8438   -3.3595   -2.8081   -2.6810   -2.4294   -2.1775   -1.6241   -1.4966   -1.3620   -1.3017   -1.0624   -0.8852   -0.7383   -0.6397   -0.6115   -0.5180   -0.4592    3.5880    4.1766    5.5227    5.5789    5.6618    5.9015
  0.4125  -12.3799  -12.0731  -11.8623  -11.8491  -11.7607  -11.7121   -6.8729   -6.8470   -6.8405   -6.8104   -6.7796   -6.7375   -6.6991   -6.6739   -6.5390   -6.4540   -4.3576   -3.8455   -3.3621   -2.7879   -2.6795   -2.4127   -2.2030   -1.6528   -1.4872   -1.3609   -1.2969   -1.0534   -0.8783   -0.7397   -0.6529   -0.6124   -0.5264   -0.4501    3.5811    4.1789    5.5522    5.5762    5.6439    5.9076
  0.4228  -12.3722  -12.0815  -11.8589  -11.8493  -11.7639  -11.7126   -6.8734   -6.8474   -6.8405   -6.8104   -6.7795   -6.7373   -6.6989   -6.6740   -6.5397   -6.4536   -4.3513   -3.8471   -3.3644   -2.7674   -2.6782   -2.3965   -2.2288   -1.6800   -1.4805   -1.3573   -1.2921   -1.0455   -0.8711   -0.7407   -0.6678   -0.6119   -0.5343   -0.4417    3.5744    4.1810    5.5728    5.5824    5.6280    5.9138
  0.4331  -12.3650  -12.0893  -11.8561  -11.8491  -11.7671  -11.7131   -6.8737   -6.8477   -6.8405   -6.8104   -6.7795   -6.7371   -6.6988   -6.6740   -6.5402   -6.4533   -4.3456   -3.8486   -3.3665   -2.7468   -2.6772   -2.3810   -2.2543   -1.7053   -1.4762   -1.3516   -1.2875   -1.0386   -0.8635   -0.7414   -0.6832   -0.6110   -0.5416   -0.4340    3.5683    4.1830    5.5687    5.6134    5.6145    5.9198
  0.4434  -12.3582  -12.0965  -11.8544  -11.8479  -11.7700  -11.7135   -6.8741   -6.8480   -6.8405   -6.8105   -6.7794   -6.7370   -6.6987   -6.6741   -6.5407   -6.4530   -4.3406   -3.8500   -3.3684   -2.7264   -2.6763   -2.3665   -2.2793   -1.7285   -1.4738   -1.3446   -1.2831   -1.0328   -0.8555   -0.7418   -0.6986   -0.6100   -0.5482   -0.4271    3.5627    4.1848    5.5637    5.6040    5.6449    5.9254
  0.4537  -12.3522  -12.1030  -11.8537  -11.8459  -11.7728  -11.7138   -6.8743   -6.8482   -6.8405   -6.8105   -6.7793   -6.7369   -6.6985   -6.6741   -6.5412   -6.4527   -4.3363   -3.8511   -3.3699   -2.7066   -2.6756   -2.3533   -2.3031   -1.7490   -1.4727   -1.3373   -1.2791   -1.0281   -0.8470   -0.7418   -0.7138   -0.6092   -0.5541   -0.4212    3.5577    4.1864    5.5579    5.5963    5.6768    5.9339
  0.4640  -12.3470  -12.1086  -11.8535  -11.8436  -11.7753  -11.7141   -6.8746   -6.8484   -6.8405   -6.8105   -6.7793   -6.7368   -6.6985   -6.6741   -6.5416   -6.4525   -4.3327   -3.8521   -3.3712   -2.6882   -2.6750   -2.3419   -2.3248   -1.7666   -1.4724   -1.3303   -1.2757   -1.0244   -0.8382   -0.7417   -0.7284   -0.6084   -0.5590   -0.4162    3.5536    4.1878    5.5520    5.5911    5.7090    5.9729
  0.4743  -12.3427  -12.1131  -11.8535  -11.8416  -11.7774  -11.7143   -6.8747   -6.8486   -6.8406   -6.8105   -6.7792   -6.7367   -6.6984   -6.6741   -6.5419   -6.4523   -4.3298   -3.8529   -3.3722   -2.6747   -2.6717   -2.3444   -2.3318   -1.7809   -1.4725   -1.3243   -1.2728   -1.0216   -0.8291   -0.7431   -0.7407   -0.6078   -0.5630   -0.4123    3.5502    4.1889    5.5465    5.5877    5.7412    5.9536
  0.4846  -12.3396  -12.1165  -11.8536  -11.8400  -11.7789  -11.7145   -6.8749   -6.8487   -6.8406   -6.8105   -6.7792   -6.7367   -6.6983   -6.6742   -6.5421   -6.4522   -4.3278   -3.8534   -3.3730   -2.6743   -2.6587   -2.3593   -2.3249   -1.7914   -1.4728   -1.3197   -1.2707   -1.0197   -0.8201   -0.7550   -0.7410   -0.6074   -0.5659   -0.4095    3.5478    4.1897    5.5423    5.5855    5.7728    5.9194
  0.4949  -12.3376  -12.1185  -11.8537  -11.8389  -11.7799  -11.7146   -6.8749   -6.8488   -6.8406   -6.8105   -6.7792   -6.7366   -6.6983   -6.6742   -6.5422   -6.4521   -4.3266   -3.8538   -3.3734   -2.6741   -2.6501   -2.3691   -2.3205   -1.7979   -1.4730   -1.3168   -1.2695   -1.0186   -0.8125   -0.7647   -0.7408   -0.6071   -0.5677   -0.4078    3.5463    4.1902    5.5396    5.5844    5.8016    5.8905
  0.5053  -12.3370  -12.1192  -11.8537  -11.8386  -11.7803  -11.7146   -6.8750   -6.8488   -6.8406   -6.8105   -6.7791   -6.7366   -6.6983   -6.6742   -6.5423   -6.4521   -4.3262   -3.8539   -3.3735   -2.6741   -2.6471   -2.3725   -2.3190   -1.8001   -1.4730   -1.3159   -1.2690   -1.0183   -0.8091   -0.7688   -0.7408   -0.6071   -0.5683   -0.4072    3.5458    4.1903    5.5387    5.5840    5.8171    5.8754
  0.5053  -12.3370  -12.1192  -11.8537  -11.8386  -11.7803  -11.7146   -6.8750   -6.8488   -6.8406   -6.8105   -6.7791   -6.7366   -6.6983   -6.6742   -6.5423   -6.4521   -4.3262   -3.8539   -3.3735   -2.6741   -2.6471   -2.3725   -2.3190   -1.8001   -1.4730   -1.3159   -1.2690   -1.0183   -0.8091   -0.7688   -0.7408   -0.6071   -0.5683   -0.4072    3.5458    4.1903    5.5387    5.5840    5.8171    5.8755
  0.5112  -12.3369  -12.1193  -11.8537  -11.8386  -11.7803  -11.7146   -6.8751   -6.8487   -6.8406   -6.8105   -6.7791   -6.7367   -6.6984   -6.6740   -6.5423   -6.4521   -4.3260   -3.8540   -3.3734   -2.6742   -2.6476   -2.3724   -2.3185   -1.8004   -1.4727   -1.3186   -1.2664   -1.0186   -0.8089   -0.7690   -0.7405   -0.6070   -0.5683   -0.4071    3.5459    4.1898    5.5387    5.5835    5.8177    5.8749
  0.5172  -12.3368  -12.1194  -11.8538  -11.8385  -11.7803  -11.7147   -6.8752   -6.8485   -6.8406   -6.8105   -6.7791   -6.7367   -6.6986   -6.6738   -6.5424   -6.4521   -4.3256   -3.8543   -3.3728   -2.6747   -2.6491   -2.3721   -2.3169   -1.8013   -1.4718   -1.3255   -1.2598   -1.0196   -0.8085   -0.7695   -0.7397   -0.6068   -0.5684   -0.4066    3.5462    4.1883    5.5384    5.5821    5.8194    5.8732
  0.5231  -12.3365  -12.1195  -11.8541  -11.8384  -11.7803  -11.7147   -6.8754   -6.8483   -6.8405   -6.8106   -6.7791   -6.7366   -6.6990   -6.6734   -6.5427   -6.4519   -4.3249   -3.8547   -3.3719   -2.6754   -2.6516   -2.3716   -2.3143   -1.8029   -1.4703   -1.3346   -1.2513   -1.0213   -0.8078   -0.7703   -0.7384   -0.6065   -0.5686   -0.4058    3.5466    4.1858    5.5380    5.5797    5.8221    5.8709
  0.5291  -12.3361  -12.1197  -11.8544  -11.8383  -11.7803  -11.7148   -6.8756   -6.8480   -6.8405   -6.8106   -6.7791   -6.7366   -6.6994   -6.6729   -6.5431   -6.4518   -4.3240   -3.8554   -3.3707   -2.6764   -2.6550   -2.3708   -2.3107   -1.8050   -1.4683   -1.3448   -1.2417   -1.0235   -0.8070   -0.7715   -0.7366   -0.6061   -0.5688   -0.4047    3.5473    4.1822    5.5374    5.5765    5.8258    5.8704
  0.5350  -12.3357  -12.1199  -11.8547  -11.8381  -11.7803  -11.7149   -6.8759   -6.8477   -6.8404   -6.8107   -6.7790   -6.7365   -6.6999   -6.6723   -6.5437   -6.4515   -4.3228   -3.8563   -3.3691   -2.6778   -2.6593   -2.3699   -2.3063   -1.8077   -1.4657   -1.3557   -1.2318   -1.0263   -0.8060   -0.7730   -0.7342   -0.6056   -0.5690   -0.4033    3.5480    4.1777    5.5367    5.5724    5.8304    5.8605
  0.5410  -12.3351  -12.1203  -11.8552  -11.8379  -11.7803  -11.7150   -6.8762   -6.8473   -6.8404   -6.8108   -6.7790   -6.7364   -6.7004   -6.6716   -6.5444   -6.4512   -4.3213   -3.8573   -3.3671   -2.6794   -2.6643   -2.3687   -2.3009   -1.8110   -1.4626   -1.3669   -1.2216   -1.0296   -0.8051   -0.7749   -0.7312   -0.6050   -0.5692   -0.4017    3.5490    4.1723    5.5358    5.5676    5.8358    5.8569
  0.5469  -12.3344  -12.1206  -11.8557  -11.8377  -11.7803  -11.7152   -6.8766   -6.8468   -6.8403   -6.8108   -6.7790   -6.7363   -6.7010   -6.6709   -6.5452   -6.4508   -4.3195   -3.8585   -3.3648   -2.6813   -2.6701   -2.3674   -2.2949   -1.8148   -1.4591   -1.3785   -1.2114   -1.0333   -0.8042   -0.7770   -0.7276   -0.6042   -0.5695   -0.3999    3.5501    4.1660    5.5348    5.5622    5.8420    5.8570
  0.5529  -12.3336  -12.1211  -11.8563  -11.8374  -11.7803  -11.7153   -6.8769   -6.8463   -6.8402   -6.8109   -6.7790   -6.7362   -6.7017   -6.6700   -6.5462   -6.4504   -4.3175   -3.8600   -3.3621   -2.6835   -2.6765   -2.3658   -2.2882   -1.8190   -1.4551   -1.3902   -1.2012   -1.0373   -0.8034   -0.7795   -0.7235   -0.6034   -0.5697   -0.3978    3.5514    4.1588    5.5336    5.5562    5.8397    5.8647
  0.5588  -12.3327  -12.1215  -11.8570  -11.8371  -11.7803  -11.7155   -6.8773   -6.8458   -6.8401   -6.8110   -6.7789   -6.7361   -6.7024   -6.6691   -6.5472   -6.4499   -4.3152   -3.8616   -3.3591   -2.6859   -2.6834   -2.3640   -2.2808   -1.8237   -1.4508   -1.4020   -1.1911   -1.0416   -0.8028   -0.7823   -0.7188   -0.6024   -0.5699   -0.3956    3.5529    4.1508    5.5322    5.5498    5.8314    5.8554
  0.5648  -12.3317  -12.1221  -11.8578  -11.8368  -11.7803  -11.7157   -6.8778   -6.8452   -6.8400   -6.8112   -6.7789   -6.7359   -6.7032   -6.6682   -6.5484   -6.4493   -4.3127   -3.8634   -3.3557   -2.6909   -2.6886   -2.3620   -2.2730   -1.8288   -1.4462   -1.4139   -1.1810   -1.0460   -0.8024   -0.7854   -0.7135   -0.6013   -0.5700   -0.3932    3.5546    4.1421    5.5307    5.5428    5.8229    5.8645
  0.5707  -12.3306  -12.1227  -11.8586  -11.8364  -11.7803  -11.7160   -6.8782   -6.8446   -6.8399   -6.8113   -6.7789   -6.7358   -6.7040   -6.6672   -6.5497   -6.4487   -4.3099   -3.8654   -3.3520   -2.6987   -2.6915   -2.3598   -2.2647   -1.8342   -1.4414   -1.4258   -1.1710   -1.0506   -0.8023   -0.7888   -0.7078   -0.6000   -0.5701   -0.3907    3.5563    4.1326    5.5290    5.5355    5.8141    5.9139
  0.5767  -12.3294  -12.1234  -11.8594  -11.8360  -11.7803  -11.7162   -6.8787   -6.8440   -6.8397   -6.8114   -6.7788   -6.7356   -6.7048   -6.6661   -6.5511   -6.4481   -4.3068   -3.8676   -3.3479   -2.7069   -2.6947   -2.3574   -2.2561   -1.8400   -1.4390   -1.4352   -1.1611   -1.0552   -0.8023   -0.7925   -0.7017   -0.5987   -0.5702   -0.3881    3.5583    4.1225    5.5270    5.5280    5.8051    5.8947
  0.5827  -12.3281  -12.1242  -11.8604  -11.8355  -11.7803  -11.7165   -6.8791   -6.8433   -6.8396   -6.8115   -6.7788   -6.7354   -6.7056   -6.6650   -6.5526   -6.4475   -4.3035   -3.8700   -3.3435   -2.7154   -2.6982   -2.3548   -2.2472   -1.8461   -1.4503   -1.4307   -1.1514   -1.0598   -0.8026   -0.7964   -0.6953   -0.5972   -0.5701   -0.3855    3.5604    4.1118    5.5199    5.5251    5.7959    5.9160
  0.5886  -12.3267  -12.1250  -11.8614  -11.8350  -11.7803  -11.7168   -6.8796   -6.8427   -6.8394   -6.8117   -6.7788   -6.7352   -6.7065   -6.6639   -6.5542   -6.4468   -4.3000   -3.8725   -3.3388   -2.7242   -2.7018   -2.3519   -2.2380   -1.8524   -1.4624   -1.4253   -1.1417   -1.0644   -0.8033   -0.8003   -0.6886   -0.5955   -0.5699   -0.3828    3.5627    4.1006    5.5118    5.5230    5.7866    5.9255
  0.5946  -12.3252  -12.1259  -11.8624  -11.8345  -11.7803  -11.7171   -6.8801   -6.8420   -6.8392   -6.8118   -6.7787   -6.7349   -6.7073   -6.6627   -6.5558   -6.4461   -4.2962   -3.8753   -3.3337   -2.7332   -2.7057   -2.3489   -2.2286   -1.8590   -1.4745   -1.4199   -1.1322   -1.0689   -0.8058   -0.8029   -0.6817   -0.5937   -0.5696   -0.3801    3.5651    4.0888    5.5035    5.5206    5.7773    5.9268
  0.6005  -12.3235  -12.1269  -11.8635  -11.8339  -11.7804  -11.7175   -6.8805   -6.8414   -6.8390   -6.8120   -6.7787   -6.7347   -6.7082   -6.6615   -6.5576   -6.4454   -4.2922   -3.8782   -3.3284   -2.7423   -2.7098   -2.3456   -2.2190   -1.8658   -1.4867   -1.4144   -1.1229   -1.0731   -0.8102   -0.8040   -0.6747   -0.5916   -0.5693   -0.3775    3.5676    4.0767    5.4950    5.5181    5.7679    5.9275
  0.6065  -12.3218  -12.1279  -11.8646  -11.8334  -11.7804  -11.7179   -6.8810   -6.8408   -6.8388   -6.8121   -6.7786   -6.7345   -6.7091   -6.6603   -6.5594   -6.4447   -4.2879   -3.8813   -3.3227   -2.7515   -2.7140   -2.3421   -2.2093   -1.8728   -1.4988   -1.4089   -1.1136   -1.0772   -0.8151   -0.8051   -0.6677   -0.5894   -0.5688   -0.3750    3.5703    4.0641    5.4864    5.5155    5.7586    5.9285
  0.6124  -12.3200  -12.1291  -11.8658  -11.8327  -11.7805  -11.7182   -6.8815   -6.8403   -6.8384   -6.8122   -6.7785   -6.7342   -6.7100   -6.6590   -6.5612   -6.4439   -4.2834   -3.8846   -3.3167   -2.7609   -2.7185   -2.3384   -2.1996   -1.8800   -1.5108   -1.4035   -1.1045   -1.0810   -0.8202   -0.8062   -0.6608   -0.5869   -0.5681   -0.3725    3.5732    4.0513    5.4777    5.5127    5.7493    5.9299
  0.6184  -12.3181  -12.1303  -11.8669  -11.8321  -11.7805  -11.7187   -6.8819   -6.8399   -6.8380   -6.8123   -6.7785   -6.7339   -6.7109   -6.6577   -6.5631   -6.4432   -4.2787   -3.8881   -3.3103   -2.7704   -2.7231   -2.3345   -2.1899   -1.8873   -1.5229   -1.3983   -1.0956   -1.0845   -0.8256   -0.8074   -0.6540   -0.5841   -0.5674   -0.3701    3.5761    4.0382    5.4690    5.5097    5.7401    5.9308
  0.6243  -12.3161  -12.1316  -11.8681  -11.8314  -11.7806  -11.7191   -6.8824   -6.8396   -6.8374   -6.8124   -6.7784   -6.7337   -6.7118   -6.6564   -6.5651   -6.4425   -4.2737   -3.8918   -3.3037   -2.7798   -2.7279   -2.3303   -2.1802   -1.8947   -1.5348   -1.3932   -1.0880   -1.0865   -0.8311   -0.8088   -0.6474   -0.5810   -0.5665   -0.3679    3.5792    4.0249    5.4603    5.5066    5.7309    5.9321
  0.6303  -12.3140  -12.1330  -11.8694  -11.8307  -11.7807  -11.7195   -6.8828   -6.8393   -6.8367   -6.8125   -6.7783   -6.7334   -6.7127   -6.6551   -6.5671   -6.4418   -4.2686   -3.8956   -3.2968   -2.7894   -2.7328   -2.3259   -2.1705   -1.9022   -1.5466   -1.3883   -1.0905   -1.0781   -0.8368   -0.8103   -0.6411   -0.5774   -0.5655   -0.3658    3.5825    4.0114    5.4516    5.5033    5.7218    5.9334
  0.6362  -12.3117  -12.1345  -11.8706  -11.8299  -11.7808  -11.7200   -6.8833   -6.8392   -6.8361   -6.8126   -6.7782   -6.7331   -6.7136   -6.6537   -6.5692   -6.4411   -4.2632   -3.8996   -3.2896   -2.7989   -2.7379   -2.3213   -2.1609   -1.9099   -1.5584   -1.3836   -1.0929   -1.0697   -0.8426   -0.8119   -0.6353   -0.5735   -0.5643   -0.3639    3.5858    3.9978    5.4430    5.4998    5.7129    5.9345
  0.6422  -12.3094  -12.1361  -11.8718  -11.8291  -11.7809  -11.7205   -6.8837   -6.8391   -6.8353   -6.8127   -6.7781   -6.7329   -6.7145   -6.6523   -6.5713   -6.4404   -4.2576   -3.9038   -3.2821   -2.8085   -2.7430   -2.3164   -2.1514   -1.9176   -1.5700   -1.3793   -1.0948   -1.0614   -0.8486   -0.8136   -0.6299   -0.5691   -0.5630   -0.3622    3.5892    3.9842    5.4346    5.4962    5.7041    5.9359
  0.6481  -12.3070  -12.1378  -11.8731  -11.8283  -11.7810  -11.7210   -6.8841   -6.8390   -6.8346   -6.8127   -6.7780   -6.7326   -6.7154   -6.6509   -6.5735   -6.4397   -4.2519   -3.9082   -3.2743   -2.8180   -2.7483   -2.3113   -2.1421   -1.9253   -1.5814   -1.3752   -1.0963   -1.0532   -0.8546   -0.8153   -0.6250   -0.5645   -0.5613   -0.3607    3.5928    3.9705    5.4263    5.4924    5.6955    5.9372
  0.6541  -12.3045  -12.1396  -11.8743  -11.8274  -11.7812  -11.7215   -6.8845   -6.8389   -6.8339   -6.8127   -6.7779   -6.7323   -6.7163   -6.6494   -6.5756   -6.4390   -4.2459   -3.9127   -3.2663   -2.8275   -2.7537   -2.3060   -2.1330   -1.9332   -1.5927   -1.3715   -1.0972   -1.0453   -0.8608   -0.8172   -0.6207   -0.5611   -0.5577   -0.3595    3.5965    3.9569    5.4182    5.4884    5.6871    5.9388
  0.6600  -12.3019  -12.1415  -11.8755  -11.8266  -11.7814  -11.7220   -6.8849   -6.8389   -6.8331   -6.8127   -6.7778   -6.7321   -6.7172   -6.6479   -6.5778   -6.4384   -4.2398   -3.9175   -3.2580   -2.8370   -2.7591   -2.3004   -2.1242   -1.9410   -1.6037   -1.3682   -1.0977   -1.0375   -0.8670   -0.8192   -0.6168   -0.5592   -0.5522   -0.3585    3.6003    3.9433    5.4103    5.4843    5.6789    5.9398
  0.6660  -12.2992  -12.1435  -11.8767  -11.8256  -11.7816  -11.7225   -6.8853   -6.8389   -6.8324   -6.8127   -6.7777   -6.7318   -6.7181   -6.6465   -6.5801   -6.4378   -4.2335   -3.9223   -3.2494   -2.8464   -2.7646   -2.2946   -2.1156   -1.9489   -1.6146   -1.3652   -1.0976   -1.0300   -0.8733   -0.8212   -0.6134   -0.5574   -0.5460   -0.3577    3.6041    3.9299    5.4027    5.4800    5.6709    5.9412
  0.6720  -12.2964  -12.1456  -11.8779  -11.8247  -11.7818  -11.7230   -6.8856   -6.8389   -6.8317   -6.8126   -6.7776   -6.7315   -6.7189   -6.6449   -6.5823   -6.4372   -4.2270   -3.9274   -3.2406   -2.8557   -2.7702   -2.2885   -2.1073   -1.9568   -1.6252   -1.3627   -1.0970   -1.0227   -0.8795   -0.8233   -0.6104   -0.5556   -0.5395   -0.3572    3.6081    3.9166    5.3954    5.4755    5.6632    5.9425
  0.6779  -12.2936  -12.1478  -11.8791  -11.8237  -11.7821  -11.7236   -6.8860   -6.8389   -6.8310   -6.8126   -6.7775   -6.7313   -6.7198   -6.6434   -6.5846   -6.4366   -4.2203   -3.9326   -3.2316   -2.8650   -2.7758   -2.2822   -2.0994   -1.9647   -1.6354   -1.3605   -1.0960   -1.0156   -0.8857   -0.8256   -0.6078   -0.5537   -0.5327   -0.3571    3.6121    3.9034    5.3884    5.4708    5.6558    5.9438
  0.6839  -12.2906  -12.1501  -11.8802  -11.8227  -11.7824  -11.7241   -6.8863   -6.8390   -6.8302   -6.8124   -6.7773   -6.7310   -6.7207   -6.6418   -6.5869   -6.4361   -4.2136   -3.9380   -3.2223   -2.8743   -2.7815   -2.2756   -2.0919   -1.9725   -1.6454   -1.3587   -1.0944   -1.0088   -0.8919   -0.8279   -0.6056   -0.5517   -0.5258   -0.3572    3.6163    3.8905    5.3818    5.4660    5.6486    5.9452
  0.6898  -12.2875  -12.1526  -11.8813  -11.8217  -11.7827  -11.7246   -6.8866   -6.8391   -6.8295   -6.8123   -6.7772   -6.7308   -6.7215   -6.6403   -6.5891   -6.4356   -4.2066   -3.9435   -3.2129   -2.8834   -2.7871   -2.2688   -2.0848   -1.9804   -1.6550   -1.3572   -1.0923   -1.0024   -0.8979   -0.8302   -0.6035   -0.5496   -0.5188   -0.3576    3.6205    3.8778    5.3756    5.4610    5.6418    5.9464
  0.6958  -12.2844  -12.1551  -11.8824  -11.8206  -11.7831  -11.7252   -6.8869   -6.8392   -6.8288   -6.8121   -6.7770   -6.7306   -6.7224   -6.6386   -6.5914   -6.4351   -4.1996   -3.9492   -3.2032   -2.8925   -2.7928   -2.2617   -2.0783   -1.9882   -1.6642   -1.3562   -1.0898   -0.9964   -0.9036   -0.8327   -0.6017   -0.5474   -0.5117   -0.3584    3.6248    3.8654    5.3698    5.4559    5.6354    5.9479
  0.7017  -12.2811  -12.1578  -11.8834  -11.8196  -11.7835  -11.7257   -6.8872   -6.8393   -6.8281   -6.8119   -6.7769   -6.7304   -6.7232   -6.6370   -6.5937   -6.4347   -4.1924   -3.9550   -3.1934   -2.9015   -2.7984   -2.2544   -2.0722   -1.9959   -1.6730   -1.3554   -1.0869   -0.9908   -0.9091   -0.8352   -0.6001   -0.5452   -0.5046   -0.3594    3.6291    3.8532    5.3645    5.4506    5.6293    5.9487
  0.7077  -12.2778  -12.1606  -11.8844  -11.8184  -11.7840  -11.7262   -6.8874   -6.8395   -6.8275   -6.8117   -6.7767   -6.7303   -6.7239   -6.6354   -6.5961   -6.4343   -4.1851   -3.9610   -3.1833   -2.9104   -2.8040   -2.2468   -2.0668   -2.0036   -1.6813   -1.3549   -1.0837   -0.9860   -0.9140   -0.8378   -0.5987   -0.5429   -0.4976   -0.3608    3.6336    3.8414    5.3597    5.4452    5.6235    5.9497
  0.7136  -12.2744  -12.1635  -11.8853  -11.8173  -11.7845  -11.7267   -6.8877   -6.8397   -6.8268   -6.8114   -6.7765   -6.7302   -6.7247   -6.6337   -6.5984   -6.4339   -4.1777   -3.9671   -3.1732   -2.9193   -2.8095   -2.2389   -2.0620   -2.0113   -1.6891   -1.3547   -1.0801   -0.9820   -0.9181   -0.8404   -0.5974   -0.5405   -0.4907   -0.3625    3.6381    3.8299    5.3555    5.4396    5.6182    5.9506
  0.7196  -12.2709  -12.1665  -11.8861  -11.8161  -11.7851  -11.7271   -6.8879   -6.8399   -6.8262   -6.8111   -6.7763   -6.7301   -6.7254   -6.6320   -6.6007   -6.4336   -4.1702   -3.9733   -3.1629   -2.9280   -2.8149   -2.2308   -2.0580   -2.0188   -1.6963   -1.3547   -1.0762   -0.9791   -0.9213   -0.8432   -0.5963   -0.5381   -0.4839   -0.3645    3.6427    3.8187    5.3517    5.4340    5.6132    5.9524
  0.7255  -12.2673  -12.1697  -11.8869  -11.8150  -11.7857  -11.7276   -6.8881   -6.8401   -6.8255   -6.8108   -6.7761   -6.7301   -6.7260   -6.6303   -6.6029   -6.4332   -4.1627   -3.9797   -3.1524   -2.9367   -2.8203   -2.2225   -2.0546   -2.0262   -1.7030   -1.3548   -1.0721   -0.9776   -0.9231   -0.8460   -0.5953   -0.5357   -0.4772   -0.3668    3.6473    3.8079    5.3486    5.4282    5.6086    5.9517
  0.7315  -12.2637  -12.1729  -11.8877  -11.8137  -11.7864  -11.7280   -6.8882   -6.8404   -6.8249   -6.8104   -6.7759   -6.7302   -6.7265   -6.6286   -6.6052   -6.4330   -4.1550   -3.9862   -3.1419   -2.9453   -2.8255   -2.2139   -2.0521   -2.0335   -1.7090   -1.3551   -1.0677   -0.9777   -0.9235   -0.8489   -0.5944   -0.5333   -0.4707   -0.3695    3.6520    3.7975    5.3460    5.4224    5.6045    5.9508
  0.7374  -12.2599  -12.1763  -11.8884  -11.8125  -11.7871  -11.7284   -6.8884   -6.8406   -6.8243   -6.8100   -6.7757   -6.7305   -6.7269   -6.6269   -6.6075   -6.4327   -4.1473   -3.9929   -3.1314   -2.9538   -2.8305   -2.2050   -2.0504   -2.0406   -1.7145   -1.3556   -1.0633   -0.9793   -0.9225   -0.8518   -0.5936   -0.5308   -0.4644   -0.3724    3.6568    3.7875    5.3441    5.4165    5.6007    5.9490
  0.7434  -12.2561  -12.1798  -11.8890  -11.8113  -11.7879  -11.7288   -6.8885   -6.8409   -6.8238   -6.8096   -6.7755   -6.7309   -6.7272   -6.6252   -6.6097   -6.4325   -4.1395   -3.9996   -3.1208   -2.9622   -2.8354   -2.1960   -2.0497   -2.0474   -1.7192   -1.3561   -1.0587   -0.9821   -0.9203   -0.8549   -0.5929   -0.5284   -0.4582   -0.3756    3.6616    3.7779    5.3427    5.4105    5.5973    5.9496
  0.7493  -12.2522  -12.1835  -11.8896  -11.8100  -11.7888  -11.7291   -6.8887   -6.8412   -6.8232   -6.8091   -6.7752   -6.7314   -6.7273   -6.6235   -6.6119   -6.4324   -4.1317   -4.0065   -3.1102   -2.9705   -2.8400   -2.1867   -2.0545   -2.0493   -1.7234   -1.3567   -1.0540   -0.9857   -0.9173   -0.8580   -0.5924   -0.5261   -0.4523   -0.3790    3.6665    3.7687    5.3420    5.4046    5.5943    5.9539
  0.7553  -12.2482  -12.1872  -11.8900  -11.8087  -11.7897  -11.7294   -6.8888   -6.8416   -6.8227   -6.8087   -6.7750   -6.7320   -6.7274   -6.6220   -6.6139   -6.4322   -4.1239   -4.0135   -3.0997   -2.9787   -2.8444   -2.1773   -2.0610   -2.0502   -1.7269   -1.3573   -1.0493   -0.9898   -0.9138   -0.8611   -0.5918   -0.5238   -0.4467   -0.3827    3.6715    3.7599    5.3420    5.3987    5.5917    5.9519
  0.7613  -12.2442  -12.1910  -11.8905  -11.8074  -11.7907  -11.7297   -6.8888   -6.8419   -6.8222   -6.8081   -6.7748   -6.7326   -6.7274   -6.6208   -6.6155   -6.4321   -4.1160   -4.0206   -3.0893   -2.9868   -2.8484   -2.1677   -2.0672   -2.0519   -1.7298   -1.3578   -1.0447   -0.9943   -0.9100   -0.8644   -0.5914   -0.5216   -0.4413   -0.3865    3.6766    3.7515    5.3427    5.3928    5.5895    5.9477
  0.7672  -12.2401  -12.1950  -11.8908  -11.8061  -11.7917  -11.7299   -6.8889   -6.8422   -6.8217   -6.8076   -6.7745   -6.7333   -6.7274   -6.6208   -6.6159   -6.4321   -4.1081   -4.0278   -3.0791   -2.9948   -2.8521   -2.1582   -2.0729   -2.0545   -1.7321   -1.3584   -1.0400   -0.9989   -0.9061   -0.8677   -0.5911   -0.5197   -0.4361   -0.3904    3.6817    3.7436    5.3440    5.3870    5.5876    5.9455
  0.7732  -12.2359  -12.1990  -11.8911  -11.8048  -11.7928  -11.7301   -6.8889   -6.8426   -6.8213   -6.8070   -6.7743   -6.7339   -6.7274   -6.6221   -6.6148   -6.4320   -4.1002   -4.0351   -3.0691   -3.0028   -2.8553   -2.1488   -2.0780   -2.0579   -1.7339   -1.3589   -1.0355   -1.0034   -0.9021   -0.8710   -0.5908   -0.5179   -0.4312   -0.3944    3.6869    3.7361    5.3460    5.3812    5.5862    5.9502
  0.7791  -12.2316  -12.2032  -11.8913  -11.8035  -11.7939  -11.7303   -6.8889   -6.8430   -6.8209   -6.8065   -6.7740   -6.7346   -6.7273   -6.6240   -6.6133   -6.4321   -4.0923   -4.0425   -3.0595   -3.0106   -2.8579   -2.1400   -2.0821   -2.0620   -1.7352   -1.3593   -1.0310   -1.0079   -0.8982   -0.8744   -0.5906   -0.5165   -0.4266   -0.3984    3.6921    3.7290    5.3487    5.3756    5.5850    5.9534
  0.7851  -12.2274  -12.2074  -11.8915  -11.8023  -11.7949  -11.7304   -6.8889   -6.8433   -6.8205   -6.8059   -6.7737   -6.7353   -6.7273   -6.6261   -6.6115   -6.4321   -4.0845   -4.0500   -3.0504   -3.0184   -2.8599   -2.1324   -2.0845   -2.0669   -1.7362   -1.3596   -1.0267   -1.0122   -0.8944   -0.8778   -0.5904   -0.5154   -0.4223   -0.4022    3.6975    3.7224    5.3521    5.3701    5.5842    5.9458
  0.7910  -12.2232  -12.2115  -11.8916  -11.8013  -11.7958  -11.7304   -6.8889   -6.8437   -6.8201   -6.8052   -6.7735   -6.7360   -6.7273   -6.6281   -6.6096   -6.4322   -4.0767   -4.0576   -3.0418   -3.0261   -2.8612   -2.1270   -2.0841   -2.0724   -1.7367   -1.3598   -1.0228   -1.0162   -0.8909   -0.8812   -0.5904   -0.5148   -0.4182   -0.4059    3.7029    3.7162    5.3562    5.3647    5.5837    5.9469
  0.7970  -12.2199  -12.2148  -11.8916  -11.8009  -11.7962  -11.7305   -6.8889   -6.8441   -6.8197   -6.8046   -6.7732   -6.7366   -6.7273   -6.6302   -6.6078   -6.4323   -4.0689   -4.0652   -3.0344   -3.0333   -2.8615   -2.1248   -2.0802   -2.0785   -1.7370   -1.3599   -1.0213   -1.0176   -0.8883   -0.8838   -0.5903   -0.5148   -0.4145   -0.4092    3.7082    3.7106    5.3595    5.3610    5.5835    5.9508
  0.7970  -12.2199  -12.2148  -11.8916  -11.8009  -11.7962  -11.7305   -6.8889   -6.8441   -6.8197   -6.8046   -6.7732   -6.7366   -6.7273   -6.6302   -6.6078   -6.4323   -4.0689   -4.0652   -3.0344   -3.0333   -2.8615   -2.1248   -2.0802   -2.0785   -1.7370   -1.3599   -1.0213   -1.0176   -0.8883   -0.8838   -0.5903   -0.5148   -0.4145   -0.4092    3.7082    3.7106    5.3595    5.3610    5.5835    5.9472
  0.8089  -12.2289  -12.2057  -11.8916  -11.8036  -11.7934  -11.7305   -6.8889   -6.8440   -6.8201   -6.8050   -6.7733   -6.7354   -6.7274   -6.6297   -6.6089   -6.4319   -4.0838   -4.0506   -3.0493   -3.0201   -2.8594   -2.1290   -2.0932   -2.0612   -1.7366   -1.3596   -1.0251   -1.0138   -0.8956   -0.8768   -0.5905   -0.5157   -0.4199   -0.4041    3.6981    3.7218    5.3508    5.3715    5.5841    5.9511
  0.8208  -12.2384  -12.1963  -11.8914  -11.8068  -11.7904  -11.7305   -6.8889   -6.8439   -6.8206   -6.8054   -6.7733   -6.7341   -6.7276   -6.6302   -6.6089   -6.4316   -4.0996   -4.0357   -3.0639   -3.0110   -2.8527   -2.1358   -2.1089   -2.0381   -1.7359   -1.3585   -1.0314   -1.0074   -0.9029   -0.8707   -0.5908   -0.5201   -0.4239   -0.3992    3.6894    3.7335    5.3416    5.3860    5.5857    5.9430
  0.8327  -12.2481  -12.1867  -11.8909  -11.8101  -11.7874  -11.7302   -6.8888   -6.8438   -6.8211   -6.8057   -6.7734   -6.7329   -6.7278   -6.6316   -6.6078   -6.4314   -4.1156   -4.0211   -3.0781   -3.0061   -2.8412   -2.1425   -2.1263   -2.0127   -1.7352   -1.3566   -1.0361   -1.0025   -0.9102   -0.8656   -0.5914   -0.5283   -0.4247   -0.3954    3.6823    3.7457    5.3334    5.4032    5.5882    5.9386
  0.8446  -12.2582  -12.1768  -11.8902  -11.8137  -11.7843  -11.7298   -6.8887   -6.8438   -6.8216   -6.8060   -6.7734   -6.7317   -6.7280   -6.6336   -6.6059   -6.4314   -4.1318   -4.0069   -3.0920   -3.0050   -2.8260   -2.1485   -2.1446   -1.9860   -1.7351   -1.3538   -1.0391   -0.9993   -0.9171   -0.8616   -0.5921   -0.5398   -0.4227   -0.3930    3.6766    3.7583    5.3261    5.4231    5.5913    5.9365
  0.8565  -12.2685  -12.1668  -11.8892  -11.8175  -11.7811  -11.7293   -6.8884   -6.8438   -6.8221   -6.8062   -6.7735   -6.7306   -6.7282   -6.6360   -6.6035   -6.4314   -4.1481   -3.9931   -3.1056   -3.0066   -2.8080   -2.1649   -2.1518   -1.9581   -1.7357   -1.3500   -1.0404   -0.9984   -0.9233   -0.8591   -0.5930   -0.5537   -0.4184   -0.3918    3.6722    3.7715    5.3196    5.4455    5.5951    5.9304
  0.8684  -12.2790  -12.1565  -11.8881  -11.8215  -11.7779  -11.7287   -6.8881   -6.8438   -6.8227   -6.8063   -6.7735   -6.7298   -6.7281   -6.6385   -6.6007   -6.4316   -4.1645   -3.9797   -3.1188   -3.0099   -2.7884   -2.1856   -2.1539   -1.9294   -1.7372   -1.3451   -1.0400   -1.0001   -0.9285   -0.8583   -0.5941   -0.5688   -0.4126   -0.3920    3.6691    3.7853    5.3140    5.4702    5.5993    5.9239
  0.8803  -12.2897  -12.1461  -11.8868  -11.8256  -11.7747  -11.7280   -6.8878   -6.8439   -6.8233   -6.8063   -6.7736   -6.7297   -6.7274   -6.6411   -6.5977   -6.4319   -4.1810   -3.9668   -3.1317   -3.0144   -2.7684   -2.2072   -2.1536   -1.8999   -1.7398   -1.3391   -1.0378   -1.0047   -0.9324   -0.8592   -0.5956   -0.5842   -0.4058   -0.3934    3.6671    3.7997    5.3092    5.4972    5.6039    5.9170
  0.8922  -12.3006  -12.1355  -11.8853  -11.8299  -11.7714  -11.7271   -6.8873   -6.8440   -6.8238   -6.8063   -6.7736   -6.7300   -6.7263   -6.6437   -6.5946   -6.4324   -4.1975   -3.9545   -3.1441   -3.0194   -2.7485   -2.2295   -2.1508   -1.8698   -1.7435   -1.3318   -1.0340   -1.0120   -0.9353   -0.8623   -0.6016   -0.5948   -0.3983   -0.3961    3.6661    3.8147    5.3048    5.5261    5.6089    5.9087
  0.9041  -12.3116  -12.1248  -11.8837  -11.8343  -11.7681  -11.7262   -6.8868   -6.8441   -6.8244   -6.8062   -6.7737   -6.7305   -6.7251   -6.6463   -6.5914   -6.4329   -4.2140   -3.9427   -3.1562   -3.0247   -2.7294   -2.2524   -2.1451   -1.8392   -1.7483   -1.3232   -1.0287   -1.0217   -0.9373   -0.8675   -0.6152   -0.5972   -0.4000   -0.3903    3.6659    3.8303    5.3008    5.5567    5.6142    5.8989
  0.9160  -12.3227  -12.1140  -11.8819  -11.8387  -11.7648  -11.7252   -6.8863   -6.8442   -6.8250   -6.8061   -6.7737   -6.7310   -6.7238   -6.6488   -6.5881   -6.4335   -4.2305   -3.9315   -3.1678   -3.0300   -2.7116   -2.2760   -2.1363   -1.8082   -1.7543   -1.3132   -1.0335   -1.0224   -0.9389   -0.8748   -0.6280   -0.5989   -0.4051   -0.3821    3.6663    3.8465    5.2969    5.5887    5.6201    5.8877
  0.9279  -12.3339  -12.1031  -11.8801  -11.8433  -11.7614  -11.7241   -6.8856   -6.8444   -6.8256   -6.8059   -6.7738   -6.7317   -6.7226   -6.6512   -6.5847   -6.4342   -4.2470   -3.9209   -3.1791   -3.0351   -2.6955   -2.3002   -2.1243   -1.7770   -1.7614   -1.3018   -1.0469   -1.0154   -0.9404   -0.8839   -0.6393   -0.6006   -0.4113   -0.3737    3.6673    3.8633    5.2929    5.6214    5.6271    5.8750
  0.9398  -12.3451  -12.0921  -11.8782  -11.8478  -11.7581  -11.7230   -6.8849   -6.8445   -6.8261   -6.8056   -6.7739   -6.7324   -6.7213   -6.6535   -6.5814   -6.4351   -4.2633   -3.9109   -3.1898   -3.0400   -2.6813   -2.3249   -2.1091   -1.7696   -1.7456   -1.2890   -1.0618   -1.0087   -0.9420   -0.8940   -0.6487   -0.6025   -0.4184   -0.3652    3.6686    3.8807    5.2883    5.6339    5.6557    5.8611
  0.9518  -12.3564  -12.0810  -11.8763  -11.8523  -11.7548  -11.7218   -6.8841   -6.8447   -6.8267   -6.8053   -6.7740   -6.7331   -6.7201   -6.6558   -6.5780   -6.4360   -4.2795   -3.9014   -3.2001   -3.0446   -2.6691   -2.3500   -2.0907   -1.7788   -1.7142   -1.2747   -1.0778   -1.0036   -0.9439   -0.9032   -0.6563   -0.6045   -0.4265   -0.3567    3.6702    3.8985    5.2831    5.6425    5.6894    5.8461
  0.9637  -12.3676  -12.0699  -11.8746  -11.8566  -11.7515  -11.7206   -6.8832   -6.8448   -6.8272   -6.8050   -6.7741   -6.7340   -6.7188   -6.6580   -6.5746   -6.4370   -4.2956   -3.8925   -3.2098   -3.0487   -2.6588   -2.3756   -2.0694   -1.7891   -1.6829   -1.2589   -1.0949   -1.0025   -0.9460   -0.9090   -0.6624   -0.6067   -0.4353   -0.3483    3.6718    3.9167    5.2769    5.6525    5.7226    5.8304
  0.9756  -12.3788  -12.0587  -11.8734  -11.8604  -11.7482  -11.7193   -6.8823   -6.8450   -6.8277   -6.8046   -6.7742   -6.7348   -6.7175   -6.6600   -6.5713   -6.4380   -4.3115   -3.8841   -3.2189   -3.0525   -2.6505   -2.4015   -2.0453   -1.8005   -1.6516   -1.2418   -1.1128   -1.0074   -0.9484   -0.9091   -0.6672   -0.6091   -0.4447   -0.3400    3.6734    3.9352    5.2697    5.6642    5.7547    5.8141
  0.9875  -12.3899  -12.0476  -11.8735  -11.8628  -11.7449  -11.7180   -6.8812   -6.8451   -6.8282   -6.8042   -6.7743   -6.7357   -6.7163   -6.6620   -6.5680   -6.4392   -4.3273   -3.8763   -3.2275   -3.0558   -2.6438   -2.4277   -2.0190   -1.8130   -1.6205   -1.2238   -1.1310   -1.0183   -0.9511   -0.9030   -0.6709   -0.6118   -0.4546   -0.3319    3.6748    3.9539    5.2614    5.6777    5.7849    5.7975
  0.9994  -12.4009  -12.0364  -11.8758  -11.8629  -11.7417  -11.7167   -6.8802   -6.8453   -6.8286   -6.8037   -6.7745   -6.7367   -6.7150   -6.6639   -6.5647   -6.4404   -4.3428   -3.8690   -3.2355   -3.0587   -2.6386   -2.4542   -1.9909   -1.8266   -1.5895   -1.2060   -1.1485   -1.0332   -0.9540   -0.8923   -0.6739   -0.6147   -0.4647   -0.3240    3.6760    3.9724    5.2521    5.6932    5.7807    5.8124
  1.0113  -12.4119  -12.0253  -11.8796  -11.8616  -11.7385  -11.7153   -6.8790   -6.8454   -6.8290   -6.8032   -6.7746   -6.7377   -6.7137   -6.6657   -6.5616   -6.4417   -4.3581   -3.8623   -3.2428   -3.0610   -2.6346   -2.4808   -1.9615   -1.8415   -1.5586   -1.1952   -1.1585   -1.0502   -0.9572   -0.8785   -0.6764   -0.6179   -0.4749   -0.3163    3.6767    3.9908    5.2419    5.7106    5.7638    5.8366
  1.0232  -12.4226  -12.0143  -11.8839  -11.8596  -11.7353  -11.7140   -6.8778   -6.8456   -6.8294   -6.8027   -6.7747   -6.7387   -6.7124   -6.6674   -6.5585   -6.4430   -4.3732   -3.8560   -3.2494   -3.0629   -2.6317   -2.5076   -1.9312   -1.8577   -1.5277   -1.2047   -1.1479   -1.0678   -0.9606   -0.8629   -0.6785   -0.6213   -0.4847   -0.3090    3.6770    4.0087    5.2313    5.7300    5.7470    5.8570
  1.0351  -12.4332  -12.0033  -11.8884  -11.8575  -11.7322  -11.7126   -6.8765   -6.8457   -6.8298   -6.8022   -6.7749   -6.7398   -6.7111   -6.6690   -6.5554   -6.4444   -4.3880   -3.8501   -3.2553   -3.0643   -2.6295   -2.5343   -1.9007   -1.8751   -1.4966   -1.2240   -1.1272   -1.0851   -0.9642   -0.8459   -0.6804   -0.6252   -0.4941   -0.3019    3.6767    4.0258    5.2205    5.7299    5.7513    5.8733
  1.0470  -12.4437  -11.9924  -11.8929  -11.8552  -11.7291  -11.7112   -6.8751   -6.8458   -6.8301   -6.8017   -6.7750   -6.7409   -6.7098   -6.6705   -6.5525   -6.4459   -4.4025   -3.8447   -3.2604   -3.0652   -2.6279   -2.5609   -1.8949   -1.8694   -1.4654   -1.2457   -1.1045   -1.1012   -0.9679   -0.8281   -0.6823   -0.6295   -0.5025   -0.2952    3.6758    4.0419    5.2101    5.7130    5.7739    5.8858
  1.0589  -12.4539  -11.9817  -11.8975  -11.8529  -11.7261  -11.7098   -6.8737   -6.8459   -6.8304   -6.8011   -6.7751   -6.7420   -6.7085   -6.6720   -6.5497   -6.4473   -4.4167   -3.8397   -3.2647   -3.0657   -2.6267   -2.5874   -1.9152   -1.8396   -1.4340   -1.2684   -1.1170   -1.0800   -0.9717   -0.8096   -0.6842   -0.6342   -0.5096   -0.2888    3.6743    4.0567    5.2003    5.6960    5.7978    5.8948
  1.0708  -12.4639  -11.9711  -11.9020  -11.8505  -11.7232  -11.7084   -6.8722   -6.8460   -6.8307   -6.8006   -6.7751   -6.7432   -6.7072   -6.6733   -6.5470   -6.4489   -4.4306   -3.8351   -3.2683   -3.0657   -2.6257   -2.6137   -1.9372   -1.8106   -1.4025   -1.2916   -1.1307   -1.0559   -0.9754   -0.7906   -0.6861   -0.6394   -0.5152   -0.2828    3.6720    4.0698    5.1917    5.6789    5.8227    5.9010
  1.0827  -12.4737  -11.9606  -11.9064  -11.8482  -11.7204  -11.7070   -6.8706   -6.8460   -6.8309   -6.8001   -6.7752   -6.7444   -6.7060   -6.6746   -6.5445   -6.4504   -4.4441   -3.8308   -3.2710   -3.0653   -2.6397   -2.6248   -1.9607   -1.7827   -1.3717   -1.3141   -1.1427   -1.0322   -0.9789   -0.7713   -0.6882   -0.6450   -0.5187   -0.2773    3.6691    4.0809    5.1847    5.6616    5.8480    5.9052
  1.0946  -12.4832  -11.9503  -11.9108  -11.8459  -11.7176  -11.7056   -6.8691   -6.8461   -6.8311   -6.7997   -6.7751   -6.7456   -6.7047   -6.6758   -6.5420   -6.4520   -4.4573   -3.8269   -3.2729   -3.0644   -2.6652   -2.6239   -1.9857   -1.7563   -1.3521   -1.3257   -1.1529   -1.0105   -0.9809   -0.7518   -0.6905   -0.6511   -0.5199   -0.2722    3.6655    4.0897    5.1798    5.6440    5.8733    5.9078
  1.1065  -12.4925  -11.9403  -11.9151  -11.8436  -11.7149  -11.7042   -6.8674   -6.8461   -6.8313   -6.7993   -6.7751   -6.7469   -6.7035   -6.6769   -6.5397   -6.4535   -4.4701   -3.8233   -3.2739   -3.0632   -2.6903   -2.6230   -2.0120   -1.7316   -1.3687   -1.3014   -1.1613   -0.9974   -0.9750   -0.7322   -0.6930   -0.6573   -0.5186   -0.2676    3.6613    4.0960    5.1773    5.6260    5.8974    5.9092
  1.1184  -12.5014  -11.9305  -11.9192  -11.8414  -11.7123  -11.7029   -6.8657   -6.8462   -6.8314   -6.7989   -6.7749   -6.7481   -6.7022   -6.6779   -6.5376   -6.4551   -4.4826   -3.8200   -3.2741   -3.0616   -2.7148   -2.6219   -2.0395   -1.7087   -1.3921   -1.2710   -1.1678   -0.9973   -0.9568   -0.7128   -0.6954   -0.6637   -0.5146   -0.2634    3.6564    4.0995    5.1773    5.6074    5.8792    5.9117
  1.1304  -12.5101  -11.9234  -11.9208  -11.8392  -11.7098  -11.7016   -6.8640   -6.8462   -6.8315   -6.7987   -6.7747   -6.7494   -6.7011   -6.6788   -6.5356   -6.4567   -4.4946   -3.8170   -3.2733   -3.0596   -2.7387   -2.6205   -2.0681   -1.6876   -1.4161   -1.2411   -1.1725   -1.0006   -0.9356   -0.7007   -0.6908   -0.6700   -0.5079   -0.2598    3.6509    4.1002    5.1803    5.5881    5.8458    5.9131
  1.1423  -12.5184  -11.9272  -11.9115  -11.8371  -11.7074  -11.7002   -6.8623   -6.8462   -6.8315   -6.7985   -6.7743   -6.7507   -6.7000   -6.6795   -6.5337   -6.4583   -4.5062   -3.8143   -3.2717   -3.0574   -2.7619   -2.6189   -2.0976   -1.6685   -1.4401   -1.2128   -1.1755   -1.0048   -0.9138   -0.7030   -0.6760   -0.6722   -0.4986   -0.2567    3.6449    4.0980    5.1861    5.5677    5.8128    5.9148
  1.1542  -12.5264  -11.9310  -11.9025  -11.8351  -11.7051  -11.6990   -6.8605   -6.8462   -6.8315   -6.7985   -6.7739   -6.7520   -6.6989   -6.6802   -6.5320   -6.4598   -4.5174   -3.8117   -3.2692   -3.0548   -2.7843   -2.6171   -2.1279   -1.6514   -1.4636   -1.1871   -1.1769   -1.0092   -0.8915   -0.7065   -0.6814   -0.6528   -0.4870   -0.2541    3.6385    4.0928    5.1947    5.5461    5.7806    5.9171
  1.1661  -12.5341  -11.9346  -11.8938  -11.8331  -11.7030  -11.6977   -6.8588   -6.8461   -6.8315   -6.7985   -6.7734   -6.7533   -6.6980   -6.6807   -6.5305   -6.4613   -4.5282   -3.8095   -3.2659   -3.0520   -2.8059   -2.6149   -2.1586   -1.6364   -1.4864   -1.1770   -1.1645   -1.0139   -0.8685   -0.7102   -0.6860   -0.6335   -0.4733   -0.2521    3.6317    4.0850    5.2060    5.5229    5.7496    5.9199
  1.1780  -12.5415  -11.9381  -11.8854  -11.8312  -11.7009  -11.6964   -6.8570   -6.8461   -6.8314   -6.7987   -6.7728   -6.7546   -6.6971   -6.6811   -6.5291   -6.4628   -4.5384   -3.8074   -3.2617   -3.0491   -2.8267   -2.6125   -2.1897   -1.6240   -1.5077   -1.1757   -1.1455   -1.0187   -0.8448   -0.7142   -0.6892   -0.6144   -0.4579   -0.2507    3.6246    4.0747    5.2196    5.4981    5.7206    5.9234
  1.1899  -12.5484  -11.9414  -11.8774  -11.8294  -11.6990  -11.6952   -6.8553   -6.8459   -6.8312   -6.7989   -6.7722   -6.7560   -6.6965   -6.6813   -6.5279   -6.4642   -4.5482   -3.8055   -3.2567   -3.0459   -2.8465   -2.6098   -2.2210   -1.6151   -1.5265   -1.1732   -1.1303   -1.0235   -0.8211   -0.7184   -0.6903   -0.5955   -0.4413   -0.2498    3.6173    4.0621    5.2351    5.4719    5.6941    5.9275
  1.2018  -12.5550  -11.9446  -11.8697  -11.8277  -11.6973  -11.6940   -6.8537   -6.8457   -6.8311   -6.7993   -6.7714   -6.7573   -6.6960   -6.6813   -6.5268   -6.4656   -4.5575   -3.8038   -3.2510   -3.0427   -2.8653   -2.6068   -2.2521   -1.6118   -1.5405   -1.1698   -1.1188   -1.0282   -0.7990   -0.7228   -0.6878   -0.5770   -0.4240   -0.2495    3.6098    4.0478    5.2516    5.4447    5.6703    5.9323
  1.2137  -12.5612  -11.9476  -11.8624  -11.8261  -11.6957  -11.6928   -6.8522   -6.8454   -6.8309   -6.7997   -6.7707   -6.7585   -6.6956   -6.6811   -6.5259   -6.4669   -4.5663   -3.8023   -3.2446   -3.0393   -2.8831   -2.6035   -2.2830   -1.6163   -1.5473   -1.1655   -1.1105   -1.0329   -0.7811   -0.7274   -0.6792   -0.5588   -0.4064   -0.2499    3.6024    4.0320    5.2679    5.4179    5.6492    5.9377
  1.2256  -12.5671  -11.9504  -11.8555  -11.8246  -11.6943  -11.6916   -6.8510   -6.8448   -6.8307   -6.8002   -6.7698   -6.7598   -6.6955   -6.6807   -6.5251   -6.4682   -4.5745   -3.8009   -3.2375   -3.0359   -2.8998   -2.6001   -2.3135   -1.6280   -1.5472   -1.1606   -1.1050   -1.0372   -0.7697   -0.7321   -0.6628   -0.5411   -0.3890   -0.2508    3.5950    4.0151    5.2814    5.3941    5.6308    5.9437
  1.2375  -12.5725  -11.9530  -11.8491  -11.8231  -11.6930  -11.6904   -6.8500   -6.8440   -6.8304   -6.8008   -6.7690   -6.7610   -6.6954   -6.6802   -6.5244   -6.4693   -4.5822   -3.7997   -3.2299   -3.0326   -2.9155   -2.5965   -2.3432   -1.6435   -1.5436   -1.1551   -1.1018   -1.0413   -0.7643   -0.7370   -0.6395   -0.5238   -0.3721   -0.2523    3.5877    3.9975    5.2867    5.3789    5.6147    5.9501
  1.2494  -12.5775  -11.9554  -11.8431  -11.8218  -11.6919  -11.6893   -6.8494   -6.8429   -6.8301   -6.8014   -6.7682   -6.7622   -6.6956   -6.6795   -6.5239   -6.4704   -4.5893   -3.7986   -3.2219   -3.0293   -2.9300   -2.5928   -2.3720   -1.6602   -1.5389   -1.1493   -1.1004   -1.0448   -0.7629   -0.7419   -0.6120   -0.5071   -0.3561   -0.2544    3.5807    3.9797    5.2781    5.3780    5.6007    5.9568
  1.2613  -12.5821  -11.9576  -11.8376  -11.8206  -11.6909  -11.6882   -6.8490   -6.8416   -6.8299   -6.8020   -6.7674   -6.7633   -6.6957   -6.6788   -6.5235   -6.4714   -4.5959   -3.7976   -3.2135   -3.0261   -2.9433   -2.5890   -2.3996   -1.6769   -1.5340   -1.1432   -1.1003   -1.0480   -0.7636   -0.7468   -0.5825   -0.4909   -0.3414   -0.2570    3.5739    3.9620    5.2587    5.3885    5.5885    5.9627
  1.2732  -12.5863  -11.9597  -11.8325  -11.8195  -11.6901  -11.6872   -6.8488   -6.8402   -6.8296   -6.8027   -6.7668   -6.7642   -6.6960   -6.6781   -6.5232   -6.4723   -4.6019   -3.7968   -3.2050   -3.0231   -2.9554   -2.5853   -2.4259   -1.6929   -1.5294   -1.1371   -1.1012   -1.0507   -0.7654   -0.7517   -0.5527   -0.4754   -0.3282   -0.2602    3.5676    3.9448    5.2352    5.4035    5.5779    5.9704
  1.2851  -12.5900  -11.9615  -11.8279  -11.8185  -11.6894  -11.6862   -6.8486   -6.8387   -6.8293   -6.8034   -6.7665   -6.7647   -6.6963   -6.6773   -6.5229   -6.4732   -4.6073   -3.7961   -3.1964   -3.0202   -2.9662   -2.5817   -2.4505   -1.7079   -1.5253   -1.1312   -1.1026   -1.0529   -0.7677   -0.7563   -0.5234   -0.4605   -0.3167   -0.2639    3.5617    3.9285    5.2114    5.4194    5.5687    5.9750
  1.2970  -12.5934  -11.9631  -11.8239  -11.8176  -11.6887  -11.6854   -6.8486   -6.8373   -6.8290   -6.8041   -6.7670   -6.7644   -6.6966   -6.6766   -6.5228   -6.4739   -4.6120   -3.7954   -3.1881   -3.0176   -2.9758   -2.5783   -2.4732   -1.7216   -1.5218   -1.1255   -1.1043   -1.0548   -0.7702   -0.7607   -0.4954   -0.4465   -0.3071   -0.2679    3.5564    3.9133    5.1887    5.4347    5.5608    5.9801
  1.3090  -12.5963  -11.9645  -11.8204  -11.8167  -11.6882  -11.6847   -6.8486   -6.8360   -6.8288   -6.8048   -6.7677   -6.7639   -6.6969   -6.6759   -6.5227   -6.4745   -4.6162   -3.7949   -3.1802   -3.0153   -2.9841   -2.5752   -2.4937   -1.7338   -1.5189   -1.1203   -1.1060   -1.0564   -0.7727   -0.7647   -0.4692   -0.4334   -0.2996   -0.2724    3.5516    3.8995    5.1681    5.4484    5.5541    5.9900
  1.3209  -12.5987  -11.9657  -11.8177  -11.8158  -11.6877  -11.6840   -6.8485   -6.8348   -6.8285   -6.8055   -6.7683   -6.7634   -6.6972   -6.6753   -6.5226   -6.4750   -4.6197   -3.7944   -3.1729   -3.0132   -2.9912   -2.5724   -2.5117   -1.7444   -1.5165   -1.1159   -1.1072   -1.0577   -0.7751   -0.7681   -0.4455   -0.4214   -0.2941   -0.2769    3.5475    3.8874    5.1501    5.4602    5.5486    5.9959
  1.3328  -12.6007  -11.9667  -11.8162  -11.8142  -11.6873  -11.6835   -6.8485   -6.8338   -6.8282   -6.8061   -6.7689   -6.7629   -6.6974   -6.6748   -6.5226   -6.4754   -4.6226   -3.7941   -3.1666   -3.0116   -2.9969   -2.5701   -2.5268   -1.7532   -1.5147   -1.1133   -1.1073   -1.0588   -0.7773   -0.7710   -0.4247   -0.4106   -0.2906   -0.2814    3.5441    3.8771    5.1349    5.4699    5.5441    5.9946
  1.3447  -12.6023  -11.9675  -11.8156  -11.8125  -11.6870  -11.6831   -6.8486   -6.8331   -6.8278   -6.8067   -6.7694   -6.7625   -6.6976   -6.6743   -6.5227   -6.4757   -4.6249   -3.7938   -3.1613   -3.0103   -3.0013   -2.5684   -2.5389   -1.7602   -1.5133   -1.1128   -1.1055   -1.0596   -0.7793   -0.7732   -0.4077   -0.4010   -0.2892   -0.2851    3.5414    3.8690    5.1229    5.4774    5.5407    5.9941
  1.3566  -12.6034  -11.9680  -11.8152  -11.8111  -11.6868  -11.6829   -6.8486   -6.8326   -6.8274   -6.8071   -6.7697   -6.7623   -6.6978   -6.6740   -6.5227   -6.4759   -4.6265   -3.7936   -3.1574   -3.0095   -3.0043   -2.5673   -2.5475   -1.7653   -1.5123   -1.1132   -1.1035   -1.0602   -0.7807   -0.7747   -0.3967   -0.3916   -0.2907   -0.2866    3.5395    3.8631    5.1142    5.4826    5.5383    6.0055
  1.3685  -12.6041  -11.9684  -11.8150  -11.8103  -11.6867  -11.6827   -6.8486   -6.8325   -6.8270   -6.8074   -6.7699   -6.7621   -6.6979   -6.6738   -6.5227   -6.4760   -4.6275   -3.7935   -3.1549   -3.0092   -3.0058   -2.5669   -2.5524   -1.7683   -1.5117   -1.1136   -1.1022   -1.0605   -0.7817   -0.7756   -0.3915   -0.3838   -0.2928   -0.2870    3.5383    3.8595    5.1089    5.4858    5.5368    6.0089
  1.3804  -12.6043  -11.9685  -11.8150  -11.8101  -11.6866  -11.6826   -6.8486   -6.8326   -6.8266   -6.8076   -6.7700   -6.7620   -6.6980   -6.6737   -6.5228   -6.4760   -4.6278   -3.7935   -3.1541   -3.0092   -3.0063   -2.5669   -2.5540   -1.7693   -1.5115   -1.1138   -1.1017   -1.0606   -0.7820   -0.7759   -0.3898   -0.3810   -0.2936   -0.2872    3.5379    3.8583    5.1072    5.4868    5.5363    6.0110
